1.0	0.6	2.6375008328266813e-15	200
1.0	0.6	2.628930405021486e-15	210
1.0	0.6	2.620978646873795e-15	220
1.0	0.6	2.6135860350505856e-15	230
1.0	0.6	2.606699563581288e-15	240
1.0	0.6	2.6002718199172154e-15	250
1.0	0.6	2.5942602769836117e-15	260
1.0	0.6	2.5886267263810973e-15	270
1.0	0.6	2.583336807362873e-15	280
1.0	0.6	2.5783596039298104e-15	290
1.0	0.6	2.573667292964049e-15	300
1.0	0.6	2.569234832604379e-15	310
1.0	0.6	2.5650396837858887e-15	320
1.0	0.6	2.561061560068035e-15	330
1.0	0.6	2.557282202187695e-15	340
1.0	0.6	2.553685174569155e-15	350
1.0	0.6	2.5502556815214336e-15	360
1.0	0.6	2.546980401182623e-15	370
1.0	0.6	2.5438473355046933e-15	380
1.0	0.6	2.5408456747516096e-15	390
1.0	0.6	2.5379656751318416e-15	400
1.0	0.6	2.5351985483152914e-15	410
1.0	0.6	2.532536361700815e-15	420
1.0	0.6	2.529971948406761e-15	430
1.0	0.6	2.5274988260547334e-15	440
1.0	0.6	2.5251111235067426e-15	450
1.0	0.6	2.5228035147983625e-15	460
1.0	0.6	2.520571159585502e-15	470
1.0	0.6	2.5184096494905086e-15	480
1.0	0.6	2.5163149597946658e-15	490
1.0	0.6	2.5142834059790214e-15	500
1.0	0.6	2.512311604664863e-15	510
1.0	0.6	2.5103964385487596e-15	520
1.0	0.6	2.508535024966222e-15	530
1.0	0.6	2.506724687752597e-15	540
1.0	0.6	2.504962932100633e-15	550
1.0	0.6	2.5032474221415064e-15	560
1.0	0.6	2.5015759610005433e-15	570
1.0	0.6	2.4999464731006834e-15	580
1.0	0.6	2.498356988506213e-15	590
1.0	0.6	2.4968056291169243e-15	600
1.0	0.6	2.4952905965387176e-15	610
1.0	0.6	2.4938101614709804e-15	620
1.0	0.6	2.492362654464271e-15	630
1.0	0.6	2.490946457913636e-15	640
1.0	0.6	2.489559999164007e-15	650
1.0	0.6	2.48820174461406e-15	660
1.0	0.6	2.486870194714341e-15	670
1.0	0.6	2.485563879763949e-15	680
1.0	0.6	2.4842813564181214e-15	690
1.0	0.6	2.483021204826408e-15	700
1.0	0.6	2.4817820263280113e-15	710
1.0	0.6	2.4805624416372356e-15	720
1.0	0.6	2.47936108945797e-15	730
1.0	0.6	2.478176625471549e-15	740
1.0	0.6	2.477007721647595e-15	750
1.0	0.6	2.475853065832075e-15	760
1.0	0.6	2.4747113615713227e-15	770
1.0	0.6	2.4735813281347987e-15	780
1.0	0.6	2.472461700703176e-15	790
1.0	0.6	2.4713512306918286e-15	800
1.0	0.6	2.470248686183037e-15	810
1.0	0.6	2.469152852443138e-15	820
1.0	0.6	2.4680625325036493e-15	830
1.0	0.6	2.4669765477878356e-15	840
1.0	0.6	2.4658937387664866e-15	850
1.0	0.6	2.4648129656287653e-15	860
1.0	0.6	2.4637331089558804e-15	870
1.0	0.6	2.4626530703870417e-15	880
1.0	0.6	2.4615717732687662e-15	890
1.0	0.6	2.460488163279922e-15	900
1.0	0.6	2.459401209026282e-15	910
1.0	0.6	2.458309902599363e-15	920
1.0	0.6	2.4572132600954973e-15	930
1.0	0.6	2.456110322091818e-15	940
1.0	0.6	2.4550001540767963e-15	950
1.0	0.6	2.4538818468335975e-15	960
1.0	0.6	2.452754516775158e-15	970
1.0	0.6	2.451617306230437e-15	980
1.0	0.6	2.4504693836818314e-15	990
1.0	0.6	2.4493099439540016e-15	1000
1.0	0.6	2.4481382083549117e-15	1010
1.0	0.6	2.4469534247700126e-15	1020
1.0	0.6	2.4457548677108506e-15	1030
1.0	0.6	2.4445418383195576e-15	1040
1.0	0.6	2.443313664330847e-15	1050
1.0	0.6	2.4420696999932907e-15	1060
1.0	0.6	2.440809325951754e-15	1070
1.0	0.6	2.439531949092937e-15	1080
1.0	0.6	2.4382370023560208e-15	1090
1.0	0.6	2.4369239445104738e-15	1100
1.0	0.6	2.435592259903085e-15	1110
1.0	0.6	2.4342414581762487e-15	1120
1.0	0.6	2.432871073959573e-15	1130
1.0	0.6	2.4314806665368147e-15	1140
1.0	0.6	2.430069819490129e-15	1150
1.0	0.6	2.4286381403235555e-15	1160
1.0	0.6	2.427185260067649e-15	1170
1.0	0.6	2.425710832867048e-15	1180
1.0	0.6	2.4242145355527785e-15	1190
1.0	0.6	2.422696067200982e-15	1200
1.0	0.6	2.4211551486796742e-15	1210
1.0	0.6	2.419591522185127e-15	1220
1.0	0.6	2.418004950769352e-15	1230
1.0	0.6	2.4163952178600867e-15	1240
1.0	0.6	2.414762126774645e-15	1250
1.0	0.6	2.4131055002289076e-15	1260
1.0	0.6	2.411425179842607e-15	1270
1.0	0.6	2.4097210256421208e-15	1280
1.0	0.6	2.407992915561751e-15	1290
1.0	0.6	2.4062407449445227e-15	1300
1.0	0.6	2.4044644260434425e-15	1310
1.0	0.6	2.4026638875240543e-15	1320
1.0	0.6	2.4008390739691067e-15	1330
1.0	0.6	2.398989945386079e-15	1340
1.0	0.6	2.3971164767182637e-15	1350
1.0	0.6	2.395218657360004e-15	1360
1.0	0.6	2.3932964906767156e-15	1370
1.0	0.6	2.3913499935301763e-15	1380
1.0	0.6	2.3893791958096024e-15	1390
1.0	0.6	2.3873841399689278e-15	1400
1.0	0.6	2.3853648805706893e-15	1410
1.0	0.6	2.3833214838368644e-15	1420
1.0	0.6	2.3812540272069865e-15	1430
1.0	0.6	2.379162598903816e-15	1440
1.0	0.6	2.377047297506786e-15	1450
1.0	0.6	2.3749082315334763e-15	1460
1.0	0.6	2.3727455190292607e-15	1470
1.0	0.6	2.3705592871652947e-15	1480
1.0	0.6	2.368349671844967e-15	1490
1.0	0.6	2.366116817318918e-15	1500
1.0	0.6	2.363860875808701e-15	1510
1.0	0.6	2.3615820071391325e-15	1520
1.0	0.6	2.359280378379381e-15	1530
1.0	0.6	2.3569561634928073e-15	1540
1.0	0.6	2.354609542995536e-15	1550
1.0	0.6	2.3522407036237825e-15	1560
1.0	0.6	2.3498498380098547e-15	1570
1.0	0.6	2.3474371443668214e-15	1580
1.0	0.6	2.3450028261817735e-15	1590
1.0	0.8	1.957829249627328e-15	200
1.0	0.8	1.952620102423287e-15	210
1.0	0.8	1.9476196359003533e-15	220
1.0	0.8	1.9427937689067164e-15	230
1.0	0.8	1.9381169022937257e-15	240
1.0	0.8	1.933570149340947e-15	250
1.0	0.8	1.929139864305698e-15	260
1.0	0.8	1.9248164365967813e-15	270
1.0	0.8	1.9205933157580114e-15	280
1.0	0.8	1.9164662327829645e-15	290
1.0	0.8	1.9124325854591767e-15	300
1.0	0.8	1.9084909586850282e-15	310
1.0	0.8	1.904640754410394e-15	320
1.0	0.8	1.9008819096044733e-15	330
1.0	0.8	1.8972146841920757e-15	340
1.0	0.8	1.89363950408402e-15	350
1.0	0.8	1.8901568472011524e-15	360
1.0	0.8	1.8867671627503014e-15	370
1.0	0.8	1.883470815979559e-15	380
1.0	0.8	1.880268052260534e-15	390
1.0	0.8	1.877158975663014e-15	400
1.0	0.8	1.8741435382492777e-15	410
1.0	0.8	1.871221537163697e-15	420
1.0	0.8	1.868392617267047e-15	430
1.0	0.8	1.865656277596162e-15	440
1.0	0.8	1.8630118803467548e-15	450
1.0	0.8	1.8604586614025423e-15	460
1.0	0.8	1.8579957416866314e-15	470
1.0	0.8	1.8556221388062874e-15	480
1.0	0.8	1.8533367786122123e-15	490
1.0	0.8	1.8511385064078846e-15	500
1.0	0.8	1.849026097631288e-15	510
1.0	0.8	1.8469982678965676e-15	520
1.0	0.8	1.8450536823316843e-15	530
1.0	0.8	1.843190964183758e-15	540
1.0	0.8	1.841408702689505e-15	550
1.0	0.8	1.839705460226442e-15	560
1.0	0.8	1.8380797787728414e-15	570
1.0	0.8	1.83653018571265e-15	580
1.0	0.8	1.835055199026405e-15	590
1.0	0.8	1.8336533319116122e-15	600
1.0	0.8	1.832323096876911e-15	610
1.0	0.8	1.8310630093537277e-15	620
1.0	0.8	1.8298715908677904e-15	630
1.0	0.8	1.828747371810931e-15	640
1.0	0.8	1.827688893851271e-15	650
1.0	0.8	1.826694712017339e-15	660
1.0	0.8	1.8257633964890823e-15	670
1.0	0.8	1.824893534126135e-15	680
1.0	0.8	1.82408372976109e-15	690
1.0	0.8	1.8233326072831318e-15	700
1.0	0.8	1.8226388105350415e-15	710
1.0	0.8	1.8220010040443737e-15	720
1.0	0.8	1.8214178736076147e-15	730
1.0	0.8	1.820888126744226e-15	740
1.0	0.8	1.8204104930357906e-15	750
1.0	0.8	1.8199837243638647e-15	760
1.0	0.8	1.8196065950587108e-15	770
1.0	0.8	1.8192779019698427e-15	780
1.0	0.8	1.8189964644680534e-15	790
1.0	0.8	1.818761124387638e-15	800
1.0	0.8	1.818570745916459e-15	810
1.0	0.8	1.8184242154407596e-15	820
1.0	0.8	1.8183204413508196e-15	830
1.0	0.8	1.818258353812814e-15	840
1.0	0.8	1.8182369045117688e-15	850
1.0	0.8	1.8182550663697743e-15	860
1.0	0.8	1.8183118332433415e-15	870
1.0	0.8	1.818406219603162e-15	880
1.0	0.8	1.8185372601993135e-15	890
1.0	0.8	1.8187040097145205e-15	900
1.0	0.8	1.818905542407783e-15	910
1.0	0.8	1.8191409517504974e-15	920
1.0	0.8	1.819409350056855e-15	930
1.0	0.8	1.8197098681101675e-15	940
1.0	0.8	1.820041654786564e-15	950
1.0	0.8	1.820403876677307e-15	960
1.0	0.8	1.8207957177109133e-15	970
1.0	0.8	1.821216378776005e-15	980
1.0	0.8	1.821665077345856e-15	990
1.0	0.8	1.8221410471053466e-15	1000
1.0	0.8	1.8226435375810686e-15	1010
1.0	0.8	1.8231718137751523e-15	1020
1.0	0.8	1.8237251558033896e-15	1030
1.0	0.8	1.824302858538074e-15	1040
1.0	0.8	1.8249042312560194e-15	1050
1.0	0.8	1.825528597292073e-15	1060
1.0	0.8	1.8261752936984683e-15	1070
1.0	0.8	1.8268436709102564e-15	1080
1.0	0.8	1.8275330924170428e-15	1090
1.0	0.8	1.8282429344412606e-15	1100
1.0	0.8	1.8289725856230752e-15	1110
1.0	0.8	1.8297214467121147e-15	1120
1.0	0.8	1.830488930266081e-15	1130
1.0	0.8	1.8312744603563346e-15	1140
1.0	0.8	1.8320774722805334e-15	1150
1.0	0.8	1.832897412282301e-15	1160
1.0	0.8	1.833733737278012e-15	1170
1.0	0.8	1.8345859145906357e-15	1180
1.0	0.8	1.835453421690645e-15	1190
1.0	0.8	1.8363357459439625e-15	1200
1.0	0.8	1.8372323843668804e-15	1210
1.0	0.8	1.8381428433879227e-15	1220
1.0	0.8	1.8390666386165414e-15	1230
1.0	0.8	1.8400032946186147e-15	1240
1.0	0.8	1.840952344698621e-15	1250
1.0	0.8	1.8419133306884134e-15	1260
1.0	0.8	1.842885802742485e-15	1270
1.0	0.8	1.8438693191396015e-15	1280
1.0	0.8	1.8448634460907185e-15	1290
1.0	0.8	1.8458677575530148e-15	1300
1.0	0.8	1.846881835049956e-15	1310
1.0	0.8	1.8479052674972348e-15	1320
1.0	0.8	1.8489376510344606e-15	1330
1.0	0.8	1.8499785888624582e-15	1340
1.0	0.8	1.8510276910860497e-15	1350
1.0	0.8	1.8520845745621497e-15	1360
1.0	0.8	1.8531488627530665e-15	1370
1.0	0.8	1.8542201855848322e-15	1380
1.0	0.8	1.8552981793104385e-15	1390
1.0	0.8	1.8563824863778437e-15	1400
1.0	0.8	1.8574727553025527e-15	1410
1.0	0.8	1.858568640544704e-15	1420
1.0	0.8	1.8596698023904522e-15	1430
1.0	0.8	1.8607759068375448e-15	1440
1.0	0.8	1.8618866254849335e-15	1450
1.0	0.8	1.8630016354262888e-15	1460
1.0	0.8	1.8641206191472787e-15	1470
1.0	0.8	1.865243264426458e-15	1480
1.0	0.8	1.866369264239681e-15	1490
1.0	0.8	1.8674983166678495e-15	1500
1.0	0.8	1.8686301248078983e-15	1510
1.0	0.8	1.8697643966869055e-15	1520
1.0	0.8	1.8709008451791573e-15	1530
1.0	0.8	1.872039187926098e-15	1540
1.0	0.8	1.8731791472590053e-15	1550
1.0	0.8	1.8743204501243177e-15	1560
1.0	0.8	1.8754628280114436e-15	1570
1.0	0.8	1.8766060168830227e-15	1580
1.0	0.8	1.877749757107438e-15	1590
1.0	1.0	1.2703049885251804e-15	200
1.0	1.0	1.2710814646446733e-15	210
1.0	1.0	1.2720120394873165e-15	220
1.0	1.0	1.2730767319655098e-15	230
1.0	1.0	1.2742580542381515e-15	240
1.0	1.0	1.275540728581268e-15	250
1.0	1.0	1.2769114742756683e-15	260
1.0	1.0	1.278358827993399e-15	270
1.0	1.0	1.2798729779668813e-15	280
1.0	1.0	1.2814456029958554e-15	290
1.0	1.0	1.2830697137031864e-15	300
1.0	1.0	1.2847394967908136e-15	310
1.0	1.0	1.2864501644630135e-15	320
1.0	1.0	1.2881978114641056e-15	330
1.0	1.0	1.2899792818565534e-15	340
1.0	1.0	1.2917920470842564e-15	350
1.0	1.0	1.2936340962273091e-15	360
1.0	1.0	1.295503838768392e-15	370
1.0	1.0	1.297400019707116e-15	380
1.0	1.0	1.299321646491771e-15	390
1.0	1.0	1.3012679269824038e-15	400
1.0	1.0	1.3032382175003242e-15	410
1.0	1.0	1.3052319799384499e-15	420
1.0	1.0	1.307248746886418e-15	430
1.0	1.0	1.309288093747474e-15	440
1.0	1.0	1.3113496168773684e-15	450
1.0	1.0	1.3134329168474696e-15	460
1.0	1.0	1.3155375860169162e-15	470
1.0	1.0	1.3176631996852214e-15	480
1.0	1.0	1.3198093101830538e-15	490
1.0	1.0	1.3219754433417926e-15	500
1.0	1.0	1.3241610968598492e-15	510
1.0	1.0	1.3263657401547793e-15	520
1.0	1.0	1.3285888153540092e-15	530
1.0	1.0	1.3308297391339305e-15	540
1.0	1.0	1.3330879051668939e-15	550
1.0	1.0	1.3353626869790875e-15	560
1.0	1.0	1.3376534410596521e-15	570
1.0	1.0	1.3399595100932906e-15	580
1.0	1.0	1.3422802262157166e-15	590
1.0	1.0	1.3446149142140461e-15	600
1.0	1.0	1.346962894613168e-15	610
1.0	1.0	1.3493234866049178e-15	620
1.0	1.0	1.3516960107896742e-15	630
1.0	1.0	1.354079791710572e-15	640
1.0	1.0	1.3564741601688566e-15	650
1.0	1.0	1.3588784553156522e-15	660
1.0	1.0	1.3612920265206575e-15	670
1.0	1.0	1.3637142350222939e-15	680
1.0	1.0	1.3661444553668638e-15	690
1.0	1.0	1.3685820766464883e-15	700
1.0	1.0	1.3710265035471223e-15	710
1.0	1.0	1.3734771572189303e-15	720
1.0	1.0	1.3759334759818475e-15	730
1.0	1.0	1.3783949158793906e-15	740
1.0	1.0	1.3808609510936611e-15	750
1.0	1.0	1.3833310742342856e-15	760
1.0	1.0	1.3858047965135408e-15	770
1.0	1.0	1.3882816478194392e-15	780
1.0	1.0	1.390761176697883e-15	790
1.0	1.0	1.3932429502543652e-15	800
1.0	1.0	1.3957265539849781e-15	810
1.0	1.0	1.3982115915458057e-15	820
1.0	1.0	1.400697684469087e-15	830
1.0	1.0	1.4031844718337756e-15	840
1.0	1.0	1.4056716098976074e-15	850
1.0	1.0	1.4081587716969684e-15	860
1.0	1.0	1.4106456466204137e-15	870
1.0	1.0	1.413131939960999e-15	880
1.0	1.0	1.4156173724521376e-15	890
1.0	1.0	1.4181016797911473e-15	900
1.0	1.0	1.4205846121541954e-15	910
1.0	1.0	1.4230659337059417e-15	920
1.0	1.0	1.4255454221067943e-15	930
1.0	1.0	1.4280228680202803e-15	940
1.0	1.0	1.4304980746227827e-15	950
1.0	1.0	1.432970857117527e-15	960
1.0	1.0	1.4354410422544971e-15	970
1.0	1.0	1.4379084678576386e-15	980
1.0	1.0	1.4403729823605584e-15	990
1.0	1.0	1.442834444351717e-15	1000
1.0	1.0	1.445292722129887e-15	1010
1.0	1.0	1.4477476932705447e-15	1020
1.0	1.0	1.4501992442037273e-15	1030
1.0	1.0	1.452647269803708e-15	1040
1.0	1.0	1.4550916729907981e-15	1050
1.0	1.0	1.457532364345428e-15	1060
1.0	1.0	1.459969261734659e-15	1070
1.0	1.0	1.4624022899510844e-15	1080
1.0	1.0	1.4648313803641543e-15	1090
1.0	1.0	1.46725647058377e-15	1100
1.0	1.0	1.4696775041360698e-15	1110
1.0	1.0	1.4720944301511923e-15	1120
1.0	1.0	1.4745072030628113e-15	1130
1.0	1.0	1.476915782319252e-15	1140
1.0	1.0	1.4793201321058525e-15	1150
1.0	1.0	1.481720221078382e-15	1160
1.0	1.0	1.4841160221071625e-15	1170
1.0	1.0	1.4865075120316223e-15	1180
1.0	1.0	1.4888946714249879e-15	1190
1.0	1.0	1.491277484368765e-15	1200
1.0	1.0	1.4936559382367407e-15	1210
1.0	1.0	1.4960300234881496e-15	1220
1.0	1.0	1.498399733469727e-15	1230
1.0	1.0	1.5007650642263237e-15	1240
1.0	1.0	1.5031260143197697e-15	1250
1.0	1.0	1.5054825846556996e-15	1260
1.0	1.0	1.507834778318039e-15	1270
1.0	1.0	1.5101826004108559e-15	1280
1.0	1.0	1.5125260579073114e-15	1290
1.0	1.0	1.5148651595054163e-15	1300
1.0	1.0	1.517199915490344e-15	1310
1.0	1.0	1.5195303376030331e-15	1320
1.0	1.0	1.521856438914817e-15	1330
1.0	1.0	1.5241782337078783e-15	1340
1.0	1.0	1.526495737361243e-15	1350
1.0	1.0	1.5288089662421217e-15	1360
1.0	1.0	1.53111793760238e-15	1370
1.0	1.0	1.5334226694799173e-15	1380
1.0	1.0	1.5357231806047534e-15	1390
1.0	1.0	1.5380194903096423e-15	1400
1.0	1.0	1.5403116184450162e-15	1410
1.0	1.0	1.5425995852980921e-15	1420
1.0	1.0	1.5448834115159508e-15	1430
1.0	1.0	1.5471631180324556e-15	1440
1.0	1.0	1.5494387259988241e-15	1450
1.0	1.0	1.55171025671772e-15	1460
1.0	1.0	1.5539777315807178e-15	1470
1.0	1.0	1.5562411720090118e-15	1480
1.0	1.0	1.5585005993971967e-15	1490
1.0	1.0	1.5607560350600716e-15	1500
1.0	1.0	1.563007500182257e-15	1510
1.0	1.0	1.5652550157705822e-15	1520
1.0	1.0	1.567498602609088e-15	1530
1.0	1.0	1.5697382812165616e-15	1540
1.0	1.0	1.5719740718064893e-15	1550
1.0	1.0	1.5742059942493465e-15	1560
1.0	1.0	1.5764340680371061e-15	1570
1.0	1.0	1.5786583122499114e-15	1580
1.0	1.0	1.5808787455247925e-15	1590
1.0	1.2	1.291460873556075e-15	200
1.0	1.2	1.2942633687659271e-15	210
1.0	1.2	1.2972037366202124e-15	220
1.0	1.2	1.3002751131475406e-15	230
1.0	1.2	1.3034689065685261e-15	240
1.0	1.2	1.3067751930861378e-15	250
1.0	1.2	1.310183083574643e-15	260
1.0	1.2	1.3136810613438946e-15	270
1.0	1.2	1.3172572877311013e-15	280
1.0	1.2	1.3208998718035084e-15	290
1.0	1.2	1.3245971015378597e-15	300
1.0	1.2	1.3283376355254366e-15	310
1.0	1.2	1.3321106559590071e-15	320
1.0	1.2	1.335905985089801e-15	330
1.0	1.2	1.3397141683809086e-15	340
1.0	1.2	1.343526528221184e-15	350
1.0	1.2	1.3473351923507708e-15	360
1.0	1.2	1.3511331011596598e-15	370
1.0	1.2	1.3549139978309126e-15	380
1.0	1.2	1.3586724049792766e-15	390
1.0	1.2	1.3624035910404927e-15	400
1.0	1.2	1.3661035292399144e-15	410
1.0	1.2	1.3697688515424254e-15	420
1.0	1.2	1.3733967995797089e-15	430
1.0	1.2	1.3769851741787558e-15	440
1.0	1.2	1.3805322847835663e-15	450
1.0	1.2	1.3840368997728813e-15	460
1.0	1.2	1.3874981984297052e-15	470
1.0	1.2	1.3909157251110983e-15	480
1.0	1.2	1.3942893459954623e-15	490
1.0	1.2	1.3976192086454984e-15	500
1.0	1.2	1.400905704513862e-15	510
1.0	1.2	1.4041494344313447e-15	520
1.0	1.2	1.4073511770502742e-15	530
1.0	1.2	1.4105118601656233e-15	540
1.0	1.2	1.4136325347997054e-15	550
1.0	1.2	1.4167143519110078e-15	560
1.0	1.2	1.419758541571324e-15	570
1.0	1.2	1.4227663944459482e-15	580
1.0	1.2	1.4257392454079106e-15	590
1.0	1.2	1.4286784591175434e-15	600
1.0	1.2	1.4315854174022068e-15	610
1.0	1.2	1.4344615082767771e-15	620
1.0	1.2	1.4373081164529209e-15	630
1.0	1.2	1.440126615193554e-15	640
1.0	1.2	1.4429183593780422e-15	650
1.0	1.2	1.4456846796529515e-15	660
1.0	1.2	1.4484268775526317e-15	670
1.0	1.2	1.4511462214831021e-15	680
1.0	1.2	1.4538439434716373e-15	690
1.0	1.2	1.4565212365931153e-15	700
1.0	1.2	1.4591792529921422e-15	710
1.0	1.2	1.4618191024277245e-15	720
1.0	1.2	1.4644418512742899e-15	730
1.0	1.2	1.4670485219194839e-15	740
1.0	1.2	1.4696400925052518e-15	750
1.0	1.2	1.472217496964285e-15	760
1.0	1.2	1.474781625309089e-15	770
1.0	1.2	1.477333324135507e-15	780
1.0	1.2	1.4798733973068895e-15	790
1.0	1.2	1.4824026067888538e-15	800
1.0	1.2	1.4849216736081111e-15	810
1.0	1.2	1.487431278911973e-15	820
1.0	1.2	1.4899320651079727e-15	830
1.0	1.2	1.4924246370655635e-15	840
1.0	1.2	1.4949095633641722e-15	850
1.0	1.2	1.4973873775738655e-15	860
1.0	1.2	1.499858579556776e-15	870
1.0	1.2	1.5023236367789987e-15	880
1.0	1.2	1.5047829856241438e-15	890
1.0	1.2	1.5072370327010055e-15	900
1.0	1.2	1.5096861561389349e-15	910
1.0	1.2	1.512130706865549e-15	920
1.0	1.2	1.5145710098622224e-15	930
1.0	1.2	1.5170073653936695e-15	940
1.0	1.2	1.5194400502085696e-15	950
1.0	1.2	1.5218693187087897e-15	960
1.0	1.2	1.5242954040853199e-15	970
1.0	1.2	1.5267185194194417e-15	980
1.0	1.2	1.5291388587481129e-15	990
1.0	1.2	1.5315565980928726e-15	1000
1.0	1.2	1.533971896451824e-15	1010
1.0	1.2	1.5363848967546056e-15	1020
1.0	1.2	1.5387957267804078e-15	1030
1.0	1.2	1.5412045000392806e-15	1040
1.0	1.2	1.543611316617204e-15	1050
1.0	1.2	1.546016263985423e-15	1060
1.0	1.2	1.5484194177747647e-15	1070
1.0	1.2	1.5508208425156623e-15	1080
1.0	1.2	1.5532205923447188e-15	1090
1.0	1.2	1.5556187116787168e-15	1100
1.0	1.2	1.5580152358569912e-15	1110
1.0	1.2	1.5604101917531245e-15	1120
1.0	1.2	1.5628035983569818e-15	1130
1.0	1.2	1.5651954673280474e-15	1140
1.0	1.2	1.567585803521085e-15	1150
1.0	1.2	1.5699746054851754e-15	1160
1.0	1.2	1.572361865937057e-15	1170
1.0	1.2	1.5747475722098182e-15	1180
1.0	1.2	1.5771317066779237e-15	1190
1.0	1.2	1.5795142471595027e-15	1200
1.0	1.2	1.5818951672968806e-15	1210
1.0	1.2	1.5842744369162619e-15	1220
1.0	1.2	1.5866520223674681e-15	1230
1.0	1.2	1.589027886844594e-15	1240
1.0	1.2	1.5914019906884632e-15	1250
1.0	1.2	1.59377429167168e-15	1260
1.0	1.2	1.596144745267081e-15	1270
1.0	1.2	1.5985133049003694e-15	1280
1.0	1.2	1.6008799221876502e-15	1290
1.0	1.2	1.6032445471586204e-15	1300
1.0	1.2	1.6056071284660698e-15	1310
1.0	1.2	1.6079676135823688e-15	1320
1.0	1.2	1.610325948983574e-15	1330
1.0	1.2	1.6126820803217924e-15	1340
1.0	1.2	1.6150359525863391e-15	1350
1.0	1.2	1.6173875102542914e-15	1360
1.0	1.2	1.6197366974309717e-15	1370
1.0	1.2	1.6220834579808552e-15	1380
1.0	1.2	1.6244277356494046e-15	1390
1.0	1.2	1.6267694741763311e-15	1400
1.0	1.2	1.6291086174006678e-15	1410
1.0	1.2	1.6314451093581516e-15	1420
1.0	1.2	1.6337788943712874e-15	1430
1.0	1.2	1.6361099171324883e-15	1440
1.0	1.2	1.638438122780671e-15	1450
1.0	1.2	1.64076345697167e-15	1460
1.0	1.2	1.6430858659427945e-15	1470
1.0	1.2	1.6454052965718463e-15	1480
1.0	1.2	1.6477216964309424e-15	1490
1.0	1.2	1.6500350138353764e-15	1500
1.0	1.2	1.652345197887866e-15	1510
1.0	1.2	1.6546521985183815e-15	1520
1.0	1.2	1.6569559665198687e-15	1530
1.0	1.2	1.659256453580057e-15	1540
1.0	1.2	1.6615536123096282e-15	1550
1.0	1.2	1.6638473962669022e-15	1560
1.0	1.2	1.6661377599793168e-15	1570
1.0	1.2	1.6684246589618353e-15	1580
1.0	1.2	1.6707080497325034e-15	1590
1.0	1.4	1.7702260339983031e-15	200
1.0	1.4	1.7706569617533021e-15	210
1.0	1.4	1.7711181543909738e-15	220
1.0	1.4	1.7716246458365992e-15	230
1.0	1.4	1.7721887152401333e-15	240
1.0	1.4	1.7728201369090164e-15	250
1.0	1.4	1.773526394797877e-15	260
1.0	1.4	1.7743128875896488e-15	270
1.0	1.4	1.7751831359997895e-15	280
1.0	1.4	1.7761389951182316e-15	290
1.0	1.4	1.7771808696825115e-15	300
1.0	1.4	1.7783079278939653e-15	310
1.0	1.4	1.7795183088024386e-15	320
1.0	1.4	1.7808093186995758e-15	330
1.0	1.4	1.7821776128862158e-15	340
1.0	1.4	1.7836193602889176e-15	350
1.0	1.4	1.7851303894911482e-15	360
1.0	1.4	1.786706315704182e-15	370
1.0	1.4	1.7883426489802092e-15	380
1.0	1.4	1.7900348845554535e-15	390
1.0	1.4	1.791778576616283e-15	400
1.0	1.4	1.793569397031413e-15	410
1.0	1.4	1.795403180717142e-15	420
1.0	1.4	1.7972759593291533e-15	430
1.0	1.4	1.7991839849298184e-15	440
1.0	1.4	1.8011237451864343e-15	450
1.0	1.4	1.8030919715316262e-15	460
1.0	1.4	1.8050856415760683e-15	470
1.0	1.4	1.8071019769164987e-15	480
1.0	1.4	1.8091384373362218e-15	490
1.0	1.4	1.8111927122559293e-15	500
1.0	1.4	1.81326271016322e-15	510
1.0	1.4	1.8153465466313884e-15	520
1.0	1.4	1.817442531432599e-15	530
1.0	1.4	1.819549155157776e-15	540
1.0	1.4	1.8216650756747123e-15	550
1.0	1.4	1.823789104686448e-15	560
1.0	1.4	1.8259201945928076e-15	570
1.0	1.4	1.8280574258082815e-15	580
1.0	1.4	1.8301999946478336e-15	590
1.0	1.4	1.8323472018580782e-15	600
1.0	1.4	1.8344984418432165e-15	610
1.0	1.4	1.8366531926126267e-15	620
1.0	1.4	1.8388110064590304e-15	630
1.0	1.4	1.840971501362124e-15	640
1.0	1.4	1.8431343531017005e-15	650
1.0	1.4	1.8452992880562767e-15	660
1.0	1.4	1.8474660766572677e-15	670
1.0	1.4	1.8496345274647754e-15	680
1.0	1.4	1.8518044818284697e-15	690
1.0	1.4	1.8539758090956027e-15	700
1.0	1.4	1.8561484023278093e-15	710
1.0	1.4	1.858322174488547e-15	720
1.0	1.4	1.8604970550638696e-15	730
1.0	1.4	1.8626729870805297e-15	740
1.0	1.4	1.8648499244867927e-15	750
1.0	1.4	1.86702782986327e-15	760
1.0	1.4	1.8692066724328195e-15	770
1.0	1.4	1.8713864263405516e-15	780
1.0	1.4	1.8735670691769616e-15	790
1.0	1.4	1.8757485807191363e-15	800
1.0	1.4	1.8779309418669123e-15	810
1.0	1.4	1.880114133752702e-15	820
1.0	1.4	1.882298137005488e-15	830
1.0	1.4	1.884482931151178e-15	840
1.0	1.4	1.8866684941330768e-15	850
1.0	1.4	1.888854801937747e-15	860
1.0	1.4	1.8910418283129414e-15	870
1.0	1.4	1.893229544565541e-15	880
1.0	1.4	1.895417919428666e-15	890
1.0	1.4	1.897606918988274e-15	900
1.0	1.4	1.89979650666044e-15	910
1.0	1.4	1.9019866432116474e-15	920
1.0	1.4	1.9041772868150828e-15	930
1.0	1.4	1.906368393136848e-15	940
1.0	1.4	1.9085599154465927e-15	950
1.0	1.4	1.9107518047478286e-15	960
1.0	1.4	1.9129440099236706e-15	970
1.0	1.4	1.9151364778943256e-15	980
1.0	1.4	1.9173291537830985e-15	990
1.0	1.4	1.9195219810881422e-15	1000
1.0	1.4	1.921714901857513e-15	1010
1.0	1.4	1.923907856865479e-15	1020
1.0	1.4	1.9261007857882785e-15	1030
1.0	1.4	1.928293627377875e-15	1040
1.0	1.4	1.9304863196324234e-15	1050
1.0	1.4	1.932678799962392e-15	1060
1.0	1.4	1.9348710053515196e-15	1070
1.0	1.4	1.937062872511892e-15	1080
1.0	1.4	1.9392543380326035e-15	1090
1.0	1.4	1.941445338521583e-15	1100
1.0	1.4	1.943635810740308e-15	1110
1.0	1.4	1.9458256917311473e-15	1120
1.0	1.4	1.948014918937269e-15	1130
1.0	1.4	1.9502034303150377e-15	1140
1.0	1.4	1.952391164438894e-15	1150
1.0	1.4	1.9545780605988368e-15	1160
1.0	1.4	1.9567640588905463e-15	1170
1.0	1.4	1.9589491002983576e-15	1180
1.0	1.4	1.961133126771245e-15	1190
1.0	1.4	1.9633160812919755e-15	1200
1.0	1.4	1.9654979079397238e-15	1210
1.0	1.4	1.9676785519463422e-15	1220
1.0	1.4	1.9698579597465457e-15	1230
1.0	1.4	1.97203607902227e-15	1240
1.0	1.4	1.9742128587414648e-15	1250
1.0	1.4	1.976388249191593e-15	1260
1.0	1.4	1.9785622020081002e-15	1270
1.0	1.4	1.980734670198123e-15	1280
1.0	1.4	1.98290560815968e-15	1290
1.0	1.4	1.9850749716966458e-15	1300
1.0	1.4	1.987242718029717e-15	1310
1.0	1.4	1.9894088058036457e-15	1320
1.0	1.4	1.991573195090978e-15	1330
1.0	1.4	1.993735847392521e-15	1340
1.0	1.4	1.995896725634777e-15	1350
1.0	1.4	1.9980557941645458e-15	1360
1.0	1.4	2.000213018740941e-15	1370
1.0	1.4	2.0023683665249586e-15	1380
1.0	1.4	2.004521806066872e-15	1390
1.0	1.4	2.006673307291549e-15	1400
1.0	1.4	2.008822841481942e-15	1410
1.0	1.4	2.0109703812608742e-15	1420
1.0	1.4	2.01311590057129e-15	1430
1.0	1.4	2.0152593746551282e-15	1440
1.0	1.4	2.017400780030942e-15	1450
1.0	1.4	2.0195400944704208e-15	1460
1.0	1.4	2.021677296973929e-15	1470
1.0	1.4	2.02381236774518e-15	1480
1.0	1.4	2.025945288165157e-15	1490
1.0	1.4	2.028076040765393e-15	1500
1.0	1.4	2.0302046092007037e-15	1510
1.0	1.4	2.032330978221454e-15	1520
1.0	1.4	2.0344551336454793e-15	1530
1.0	1.4	2.0365770623296926e-15	1540
1.0	1.4	2.0386967521414848e-15	1550
1.0	1.4	2.0408141919299937e-15	1560
1.0	1.4	2.0429293714972714e-15	1570
1.0	1.4	2.045042281569446e-15	1580
1.0	1.4	2.0471529137679093e-15	1590
1.0	1.6	1.589645102257431e-15	200
1.0	1.6	1.5957628952204168e-15	210
1.0	1.6	1.6017303182707193e-15	220
1.0	1.6	1.6075631695589e-15	230
1.0	1.6	1.6132751668580863e-15	240
1.0	1.6	1.6188782643033979e-15	250
1.0	1.6	1.6243828752477331e-15	260
1.0	1.6	1.6297980355188491e-15	270
1.0	1.6	1.6351315320026397e-15	280
1.0	1.6	1.6403900133187617e-15	290
1.0	1.6	1.6455790928178007e-15	300
1.0	1.6	1.65070344927176e-15	310
1.0	1.6	1.6557669272899388e-15	320
1.0	1.6	1.6607726374007513e-15	330
1.0	1.6	1.665723054600745e-15	340
1.0	1.6	1.6706201137072904e-15	350
1.0	1.6	1.67546529982831e-15	360
1.0	1.6	1.6802597324987361e-15	370
1.0	1.6	1.6850042423967446e-15	380
1.0	1.6	1.6896994399528728e-15	390
1.0	1.6	1.6943457755455328e-15	400
1.0	1.6	1.6989435913055215e-15	410
1.0	1.6	1.7034931648163427e-15	420
1.0	1.6	1.7079947451939544e-15	430
1.0	1.6	1.7124485821636474e-15	440
1.0	1.6	1.7168549488316453e-15	450
1.0	1.6	1.7212141588841445e-15	460
1.0	1.6	1.725526578947087e-15	470
1.0	1.6	1.7297926368146997e-15	480
1.0	1.6	1.7340128262118298e-15	490
1.0	1.6	1.738187708700567e-15	500
1.0	1.6	1.74231791328101e-15	510
1.0	1.6	1.746404134173105e-15	520
1.0	1.6	1.7504471272041018e-15	530
1.0	1.6	1.7544477051665997e-15	540
1.0	1.6	1.7584067324564812e-15	550
1.0	1.6	1.7623251192492486e-15	560
1.0	1.6	1.7662038154276183e-15	570
1.0	1.6	1.7700438044328867e-15	580
1.0	1.6	1.7738460971773213e-15	590
1.0	1.6	1.7776117261244548e-15	600
1.0	1.6	1.781341739618261e-15	610
1.0	1.6	1.7850371965203306e-15	620
1.0	1.6	1.788699161196017e-15	630
1.0	1.6	1.792328698875479e-15	640
1.0	1.6	1.795926871403421e-15	650
1.0	1.6	1.799494733381517e-15	660
1.0	1.6	1.8030333286998573e-15	670
1.0	1.6	1.8065436874477716e-15	680
1.0	1.6	1.810026823189922e-15	690
1.0	1.6	1.8134837305903466e-15	700
1.0	1.6	1.8169153833648156e-15	710
1.0	1.6	1.820322732540514e-15	720
1.0	1.6	1.8237067050012866e-15	730
1.0	1.6	1.827068202296422e-15	740
1.0	1.6	1.8304080996911582e-15	750
1.0	1.6	1.8337272454376076e-15	760
1.0	1.6	1.8370264602454774e-15	770
1.0	1.6	1.8403065369329454e-15	780
1.0	1.6	1.8435682402390217e-15	790
1.0	1.6	1.846812306779799e-15	800
1.0	1.6	1.8500394451322956e-15	810
1.0	1.6	1.8532503360305e-15	820
1.0	1.6	1.856445632659604e-15	830
1.0	1.6	1.8596259610354026e-15	840
1.0	1.6	1.8627919204569635e-15	850
1.0	1.6	1.8659440840217156e-15	860
1.0	1.6	1.869082999193051e-15	870
1.0	1.6	1.872209188411561e-15	880
1.0	1.6	1.875323149741766e-15	890
1.0	1.6	1.878425357547145e-15	900
1.0	1.6	1.8815162631869485e-15	910
1.0	1.6	1.8845962957290086e-15	920
1.0	1.6	1.8876658626733854e-15	930
1.0	1.6	1.890725350682324e-15	940
1.0	1.6	1.8937751263124857e-15	950
1.0	1.6	1.896815536745951e-15	960
1.0	1.6	1.899846910516921e-15	970
1.0	1.6	1.9028695582314758e-15	980
1.0	1.6	1.905883773278076e-15	990
1.0	1.6	1.9088898325268775e-15	1000
1.0	1.6	1.9118879970162066e-15	1010
1.0	1.6	1.9148785126247816e-15	1020
1.0	1.6	1.9178616107285806e-15	1030
1.0	1.6	1.920837508841392e-15	1040
1.0	1.6	1.9238064112383505e-15	1050
1.0	1.6	1.92676850956184e-15	1060
1.0	1.6	1.9297239834094196e-15	1070
1.0	1.6	1.932673000903426e-15	1080
1.0	1.6	1.9356157192421382e-15	1090
1.0	1.6	1.9385522852324094e-15	1100
1.0	1.6	1.94148283580382e-15	1110
1.0	1.6	1.944407498504438e-15	1120
1.0	1.6	1.9473263919783763e-15	1130
1.0	1.6	1.950239626425353e-15	1140
1.0	1.6	1.953147304042571e-15	1150
1.0	1.6	1.956049519449187e-15	1160
1.0	1.6	1.9589463600937734e-15	1170
1.0	1.6	1.9618379066451165e-15	1180
1.0	1.6	1.9647242333667772e-15	1190
1.0	1.6	1.967605408475833e-15	1200
1.0	1.6	1.9704814944862214e-15	1210
1.0	1.6	1.9733525485371635e-15	1220
1.0	1.6	1.9762186227070833e-15	1230
1.0	1.6	1.9790797643135067e-15	1240
1.0	1.6	1.9819360161993923e-15	1250
1.0	1.6	1.984787417006331e-15	1260
1.0	1.6	1.987634001435116e-15	1270
1.0	1.6	1.990475800494055e-15	1280
1.0	1.6	1.9933128417355764e-15	1290
1.0	1.6	1.9961451494814494e-15	1300
1.0	1.6	1.998972745037152e-15	1310
1.0	1.6	2.0017956468957226e-15	1320
1.0	1.6	2.0046138709315798e-15	1330
1.0	1.6	2.0074274305846438e-15	1340
1.0	1.6	2.0102363370352083e-15	1350
1.0	1.6	2.0130405993699166e-15	1360
1.0	1.6	2.0158402247391825e-15	1370
1.0	1.6	2.018635218506506e-15	1380
1.0	1.6	2.0214255843899023e-15	1390
1.0	1.6	2.024211324595897e-15	1400
1.0	1.6	2.026992439946345e-15	1410
1.0	1.6	2.0297689299984073e-15	1420
1.0	1.6	2.032540793157987e-15	1430
1.0	1.6	2.0353080267869245e-15	1440
1.0	1.6	2.038070627304212e-15	1450
1.0	1.6	2.0408285902815255e-15	1460
1.0	1.6	2.0435819105333094e-15	1470
1.0	1.6	2.046330582201694e-15	1480
1.0	1.6	2.049074598836445e-15	1490
1.0	1.6	2.0518139534702218e-15	1500
1.0	1.6	2.05454863868933e-15	1510
1.0	1.6	2.057278646700215e-15	1520
1.0	1.6	2.060003969391858e-15	1530
1.0	1.6	2.062724598394322e-15	1540
1.0	1.6	2.065440525133584e-15	1550
1.0	1.6	2.068151740882875e-15	1560
1.0	1.6	2.070858236810673e-15	1570
1.0	1.6	2.0735600040255336e-15	1580
1.0	1.6	2.0762570336178846e-15	1590
1.0	1.8	1.7493176730051102e-15	200
1.0	1.8	1.75384386941948e-15	210
1.0	1.8	1.7582056422829696e-15	220
1.0	1.8	1.7624364084377465e-15	230
1.0	1.8	1.7665643177836309e-15	240
1.0	1.8	1.7706130822852096e-15	250
1.0	1.8	1.7746026223819842e-15	260
1.0	1.8	1.7785495800319538e-15	270
1.0	1.8	1.7824677359291973e-15	280
1.0	1.8	1.786368358639947e-15	290
1.0	1.8	1.7902605054306943e-15	300
1.0	1.8	1.794151288305924e-15	310
1.0	1.8	1.798046114058323e-15	320
1.0	1.8	1.801948903738596e-15	330
1.0	1.8	1.805862294632212e-15	340
1.0	1.8	1.8097878263474196e-15	350
1.0	1.8	1.8137261117557917e-15	360
1.0	1.8	1.8176769930989203e-15	370
1.0	1.8	1.821639683434802e-15	380
1.0	1.8	1.825612893631135e-15	390
1.0	1.8	1.8295949452383738e-15	400
1.0	1.8	1.833583869735888e-15	410
1.0	1.8	1.8375774948038906e-15	420
1.0	1.8	1.84157351841054e-15	430
1.0	1.8	1.8455695716073974e-15	440
1.0	1.8	1.849563270994184e-15	450
1.0	1.8	1.8535522618467627e-15	460
1.0	1.8	1.8575342529049618e-15	470
1.0	1.8	1.8615070437940887e-15	480
1.0	1.8	1.8654685460118803e-15	490
1.0	1.8	1.8694167983561666e-15	500
1.0	1.8	1.873349977602781e-15	510
1.0	1.8	1.877266405172115e-15	520
1.0	1.8	1.8811645504495556e-15	530
1.0	1.8	1.8850430313524265e-15	540
1.0	1.8	1.888900612665859e-15	550
1.0	1.8	1.892736202603645e-15	560
1.0	1.8	1.8965488479883256e-15	570
1.0	1.8	1.9003377283883406e-15	580
1.0	1.8	1.90410214949873e-15	590
1.0	1.8	1.9078415360062922e-15	600
1.0	1.8	1.9115554241393625e-15	610
1.0	1.8	1.915243454066945e-15	620
1.0	1.8	1.9189053622808153e-15	630
1.0	1.8	1.9225409740675523e-15	640
1.0	1.8	1.92615019615445e-15	650
1.0	1.8	1.9297330095938946e-15	660
1.0	1.8	1.9332894629341887e-15	670
1.0	1.8	1.936819665711244e-15	680
1.0	1.8	1.940323782284021e-15	690
1.0	1.8	1.943802026027297e-15	700
1.0	1.8	1.947254653887725e-15	710
1.0	1.8	1.9506819613030196e-15	720
1.0	1.8	1.954084277479308e-15	730
1.0	1.8	1.9574619610179e-15	740
1.0	1.8	1.960815395879887e-15	750
1.0	1.8	1.9641449876749475e-15	760
1.0	1.8	1.967451160259174e-15	770
1.0	1.8	1.9707343526258888e-15	780
1.0	1.8	1.9739950160727793e-15	790
1.0	1.8	1.9772336116286137e-15	800
1.0	1.8	1.980450607722712e-15	810
1.0	1.8	1.9836464780807543e-15	820
1.0	1.8	1.9868216998309005e-15	830
1.0	1.8	1.9899767518047333e-15	840
1.0	1.8	1.993112113018207e-15	850
1.0	1.8	1.9962282613184603e-15	860
1.0	1.8	1.9993256721831856e-15	870
1.0	1.8	2.0024048176598385e-15	880
1.0	1.8	2.0054661654329085e-15	890
1.0	1.8	2.0085101780081384e-15	900
1.0	1.8	2.0115373120033265e-15	910
1.0	1.8	2.014548017536083e-15	920
1.0	1.8	2.0175427376996528e-15	930
1.0	1.8	2.0205219081184705e-15	940
1.0	1.8	2.023485956575861e-15	950
1.0	1.8	2.026435302706817e-15	960
1.0	1.8	2.0293703577494063e-15	970
1.0	1.8	2.032291524348839e-15	980
1.0	1.8	2.035199196408754e-15	990
1.0	1.8	2.0380937589847546e-15	1000
1.0	1.8	2.040975588215599e-15	1010
1.0	1.8	2.04384505128793e-15	1020
1.0	1.8	2.0467025064307088e-15	1030
1.0	1.8	2.049548302935947e-15	1040
1.0	1.8	2.052382781202586e-15	1050
1.0	1.8	2.0552062728006735e-15	1060
1.0	1.8	2.058019100553272e-15	1070
1.0	1.8	2.060821578633778e-15	1080
1.0	1.8	2.063614012676531e-15	1090
1.0	1.8	2.06639669989881e-15	1100
1.0	1.8	2.06916992923253e-15	1110
1.0	1.8	2.0719339814640692e-15	1120
1.0	1.8	2.0746891293808676e-15	1130
1.0	1.8	2.077435637923546e-15	1140
1.0	1.8	2.0801737643424507e-15	1150
1.0	1.8	2.082903758357592e-15	1160
1.0	1.8	2.085625862321165e-15	1170
1.0	1.8	2.0883403113817935e-15	1180
1.0	1.8	2.0910473336498527e-15	1190
1.0	1.8	2.09374715036322e-15	1200
1.0	1.8	2.096439976052951e-15	1210
1.0	1.8	2.0991260187083477e-15	1220
1.0	1.8	2.101805479941062e-15	1230
1.0	1.8	2.1044785551478078e-15	1240
1.0	1.8	2.1071454336714308e-15	1250
1.0	1.8	2.109806298960011e-15	1260
1.0	1.8	2.112461328723768e-15	1270
1.0	1.8	2.1151106950896206e-15	1280
1.0	1.8	2.1177545647531608e-15	1290
1.0	1.8	2.120393099127977e-15	1300
1.0	1.8	2.1230264544921435e-15	1310
1.0	1.8	2.1256547821318265e-15	1320
1.0	1.8	2.1282782284819372e-15	1330
1.0	1.8	2.1308969352637566e-15	1340
1.0	1.8	2.133511039619492e-15	1350
1.0	1.8	2.1361206742437865e-15	1360
1.0	1.8	2.1387259675121026e-15	1370
1.0	1.8	2.1413270436060356e-15	1380
1.0	1.8	2.14392402263553e-15	1390
1.0	1.8	2.1465170207580344e-15	1400
1.0	1.8	2.1491061502946224e-15	1410
1.0	1.8	2.151691519843079e-15	1420
1.0	1.8	2.154273234388052e-15	1430
1.0	1.8	2.156851395408208e-15	1440
1.0	1.8	2.1594261009805667e-15	1450
1.0	1.8	2.1619974458819304e-15	1460
1.0	1.8	2.1645655216875644e-15	1470
1.0	1.8	2.167130416867118e-15	1480
1.0	1.8	2.169692216877872e-15	1490
1.0	1.8	2.172251004255324e-15	1500
1.0	1.8	2.17480685870126e-15	1510
1.0	1.8	2.177359857169256e-15	1520
1.0	1.8	2.1799100739477447e-15	1530
1.0	1.8	2.1824575807406966e-15	1540
1.0	1.8	2.1850024467459335e-15	1550
1.0	1.8	2.1875447387311764e-15	1560
1.0	1.8	2.1900845211078793e-15	1570
1.0	1.8	2.192621856002854e-15	1580
1.0	1.8	2.195156803327849e-15	1590
1.0	2.0	3.4065987453756165e-15	200
1.0	2.0	3.410560742485304e-15	210
1.0	2.0	3.4138777391890283e-15	220
1.0	2.0	3.4166549398055986e-15	230
1.0	2.0	3.418984426979164e-15	240
1.0	2.0	3.4209466698361164e-15	250
1.0	2.0	3.422611808153417e-15	260
1.0	2.0	3.424040760899042e-15	270
1.0	2.0	3.4252861967464733e-15	280
1.0	2.0	3.426393395451909e-15	290
1.0	2.0	3.4274010218273117e-15	300
1.0	2.0	3.428341828231014e-15	310
1.0	2.0	3.429243296905952e-15	320
1.0	2.0	3.4301282300033766e-15	330
1.0	2.0	3.431015292596463e-15	340
1.0	2.0	3.4319195122538707e-15	350
1.0	2.0	3.4328527376435037e-15	360
1.0	2.0	3.4338240580134754e-15	370
1.0	2.0	3.434840185112729e-15	380
1.0	2.0	3.4359057990502058e-15	390
1.0	2.0	3.4370238596589424e-15	400
1.0	2.0	3.4381958850615644e-15	410
1.0	2.0	3.4394221992787892e-15	420
1.0	2.0	3.440702150852747e-15	430
1.0	2.0	3.442034304554245e-15	440
1.0	2.0	3.4434166082994266e-15	450
1.0	2.0	3.444846537415743e-15	460
1.0	2.0	3.4463212183720547e-15	470
1.0	2.0	3.4478375340284978e-15	480
1.0	2.0	3.449392212375177e-15	490
1.0	2.0	3.4509819006210954e-15	500
1.0	2.0	3.452603226372341e-15	510
1.0	2.0	3.4542528475076484e-15	520
1.0	2.0	3.455927492223881e-15	530
1.0	2.0	3.4576239905888027e-15	540
1.0	2.0	3.459339298805945e-15	550
1.0	2.0	3.461070517269163e-15	560
1.0	2.0	3.462814903364329e-15	570
1.0	2.0	3.464569879863355e-15	580
1.0	2.0	3.466333039652217e-15	590
1.0	2.0	3.4681021474398885e-15	600
1.0	2.0	3.4698751390095192e-15	610
1.0	2.0	3.471650118495771e-15	620
1.0	2.0	3.4734253541035138e-15	630
1.0	2.0	3.4751992726217657e-15	640
1.0	2.0	3.4769704530327356e-15	650
1.0	2.0	3.4787376194684934e-15	660
1.0	2.0	3.4804996337263156e-15	670
1.0	2.0	3.4822554875176712e-15	680
1.0	2.0	3.484004294594897e-15	690
1.0	2.0	3.4857452828725454e-15	700
1.0	2.0	3.4874777866375206e-15	710
1.0	2.0	3.4892012389226015e-15	720
1.0	2.0	3.4909151641012737e-15	730
1.0	2.0	3.492619170747615e-15	740
1.0	2.0	3.4943129447935425e-15	750
1.0	2.0	3.495996243005594e-15	760
1.0	2.0	3.4976688867954597e-15	770
1.0	2.0	3.499330756371818e-15	780
1.0	2.0	3.5009817852354647e-15	790
1.0	2.0	3.5026219550155194e-15	800
1.0	2.0	3.5042512906408776e-15	810
1.0	2.0	3.505869855838465e-15	820
1.0	2.0	3.507477748947706e-15	830
1.0	2.0	3.509075099039143e-15	840
1.0	2.0	3.5106620623239915e-15	850
1.0	2.0	3.5122388188407372e-15	860
1.0	2.0	3.5138055694044816e-15	870
1.0	2.0	3.5153625328044963e-15	880
1.0	2.0	3.5169099432355227e-15	890
1.0	2.0	3.5184480479485808e-15	900
1.0	2.0	3.5199771051072857e-15	910
1.0	2.0	3.521497381836094e-15	920
1.0	2.0	3.5230091524474518e-15	930
1.0	2.0	3.524512696835248e-15	940
1.0	2.0	3.526008299022609e-15	950
1.0	2.0	3.527496245852637e-15	960
1.0	2.0	3.5289768258113085e-15	970
1.0	2.0	3.5304503279723142e-15	980
1.0	2.0	3.531917041054259e-15	990
1.0	2.0	3.533377252581243e-15	1000
1.0	2.0	3.5348312481383092e-15	1010
1.0	2.0	3.536279310713911e-15	1020
1.0	2.0	3.537721720122047e-15	1030
1.0	2.0	3.5391587524972208e-15	1040
1.0	2.0	3.5405906798557604e-15	1050
1.0	2.0	3.542017769717745e-15	1060
1.0	2.0	3.543440284783936e-15	1070
1.0	2.0	3.544858482662684e-15	1080
1.0	2.0	3.5462726156421358e-15	1090
1.0	2.0	3.5476829305034735e-15	1100
1.0	2.0	3.54908966837111e-15	1110
1.0	2.0	3.5504930645962327e-15	1120
1.0	2.0	3.5518933486703746e-15	1130
1.0	2.0	3.553290744165816e-15	1140
1.0	2.0	3.554685468700104e-15	1150
1.0	2.0	3.5560777339219936e-15	1160
1.0	2.0	3.557467745516527e-15	1170
1.0	2.0	3.558855703226954e-15	1180
1.0	2.0	3.56024180089174e-15	1190
1.0	2.0	3.561626226494547e-15	1200
1.0	2.0	3.56300916222586e-15	1210
1.0	2.0	3.564390784554538e-15	1220
1.0	2.0	3.565771264308015e-15	1230
1.0	2.0	3.567150766759974e-15	1240
1.0	2.0	3.568529451724299e-15	1250
1.0	2.0	3.569907473654301e-15	1260
1.0	2.0	3.571284981746395e-15	1270
1.0	2.0	3.572662120047312e-15	1280
1.0	2.0	3.574039027564153e-15	1290
1.0	2.0	3.575415838376653e-15	1300
1.0	2.0	3.5767926817509815e-15	1310
1.0	2.0	3.578169682254634e-15	1320
1.0	2.0	3.579546959871936e-15	1330
1.0	2.0	3.580924630119658e-15	1340
1.0	2.0	3.5823028041624326e-15	1350
1.0	2.0	3.583681588927722e-15	1360
1.0	2.0	3.585061087219863e-15	1370
1.0	2.0	3.5864413978331045e-15	1380
1.0	2.0	3.587822615663345e-15	1390
1.0	2.0	3.589204831818375e-15	1400
1.0	2.0	3.590588133726508e-15	1410
1.0	2.0	3.591972605243403e-15	1420
1.0	2.0	3.593358326756986e-15	1430
1.0	2.0	3.5947453752904195e-15	1440
1.0	2.0	3.596133824602942e-15	1450
1.0	2.0	3.597523745288599e-15	1460
1.0	2.0	3.598915204872802e-15	1470
1.0	2.0	3.600308267906618e-15	1480
1.0	2.0	3.601702996058829e-15	1490
1.0	2.0	3.603099448205753e-15	1500
1.0	2.0	3.604497680518745e-15	1510
1.0	2.0	3.605897746549463e-15	1520
1.0	2.0	3.607299697312859e-15	1530
1.0	2.0	3.60870358136791e-15	1540
1.0	2.0	3.61010944489614e-15	1550
1.0	2.0	3.611517331777941e-15	1560
1.0	2.0	3.612927283666691e-15	1570
1.0	2.0	3.614339340060783e-15	1580
1.0	2.0	3.615753538373461e-15	1590
1.0	2.2	2.6070651620088856e-15	200
1.0	2.2	2.6150474312829788e-15	210
1.0	2.2	2.6228183019627094e-15	220
1.0	2.2	2.6304150283295053e-15	230
1.0	2.2	2.6378695120529037e-15	240
1.0	2.2	2.6452089462094666e-15	250
1.0	2.2	2.652456391857001e-15	260
1.0	2.2	2.6596312786674115e-15	270
1.0	2.2	2.666749834018525e-15	280
1.0	2.2	2.6738254507782156e-15	290
1.0	2.2	2.6808690055713423e-15	300
1.0	2.2	2.6878891385173597e-15	310
1.0	2.2	2.6948925035265426e-15	320
1.0	2.2	2.701883996029902e-15	330
1.0	2.2	2.7088669629356602e-15	340
1.0	2.2	2.7158433978711016e-15	350
1.0	2.2	2.722814123451883e-15	360
1.0	2.2	2.7297789614082644e-15	370
1.0	2.2	2.736736890830664e-15	380
1.0	2.2	2.743686194501689e-15	390
1.0	2.2	2.7506245931839133e-15	400
1.0	2.2	2.757549367766398e-15	410
1.0	2.2	2.7644574692845758e-15	420
1.0	2.2	2.7713456169770163e-15	430
1.0	2.2	2.7782103846999664e-15	440
1.0	2.2	2.7850482761665246e-15	450
1.0	2.2	2.791855789601691e-15	460
1.0	2.2	2.7986294725010827e-15	470
1.0	2.2	2.8053659672484504e-15	480
1.0	2.2	2.812062048387402e-15	490
1.0	2.2	2.818714652357761e-15	500
1.0	2.2	2.8253209005014818e-15	510
1.0	2.2	2.8318781161205037e-15	520
1.0	2.2	2.8383838363335803e-15	530
1.0	2.2	2.8448358194341996e-15	540
1.0	2.2	2.8512320484009273e-15	550
1.0	2.2	2.8575707311569153e-15	560
1.0	2.2	2.863850298119437e-15	570
1.0	2.2	2.8700693975248604e-15	580
1.0	2.2	2.876226888960473e-15	590
1.0	2.2	2.8823218354832344e-15	600
1.0	2.2	2.8883534946574315e-15	610
1.0	2.2	2.8943213087984404e-15	620
1.0	2.2	2.9002248946692554e-15	630
1.0	2.2	2.9060640328392676e-15	640
1.0	2.2	2.9118386568818153e-15	650
1.0	2.2	2.9175488425572694e-15	660
1.0	2.2	2.9231947971025853e-15	670
1.0	2.2	2.928776848725184e-15	680
1.0	2.2	2.934295436379201e-15	690
1.0	2.2	2.939751099884997e-15	700
1.0	2.2	2.9451444704377515e-15	710
1.0	2.2	2.950476261538842e-15	720
1.0	2.2	2.9557472603725215e-15	730
1.0	2.2	2.9609583196418558e-15	740
1.0	2.2	2.9661103498702583e-15	750
1.0	2.2	2.971204312168823e-15	760
1.0	2.2	2.976241211464837e-15	770
1.0	2.2	2.9812220901826063e-15	780
1.0	2.2	2.9861480223648218e-15	790
1.0	2.2	2.991020108220065e-15	800
1.0	2.2	2.9958394690803604e-15	810
1.0	2.2	3.0006072427513553e-15	820
1.0	2.2	3.0053245792367132e-15	830
1.0	2.2	3.009992636818058e-15	840
1.0	2.2	3.0146125784712686e-15	850
1.0	2.2	3.0191855686002177e-15	860
1.0	2.2	3.023712770069098e-15	870
1.0	2.2	3.028195341514968e-15	880
1.0	2.2	3.0326344349225225e-15	890
1.0	2.2	3.0370311934438083e-15	900
1.0	2.2	3.0413867494461764e-15	910
1.0	2.2	3.0457022227725055e-15	920
1.0	2.2	3.049978719198387e-15	930
1.0	2.2	3.0542173290718928e-15	940
1.0	2.2	3.0584191261220744e-15	950
1.0	2.2	3.0625851664232684e-15	960
1.0	2.2	3.066716487502954e-15	970
1.0	2.2	3.070814107581666e-15	980
1.0	2.2	3.0748790249341354e-15	990
1.0	2.2	3.0789122173615286e-15	1000
1.0	2.2	3.0829146417654007e-15	1010
1.0	2.2	3.0868872338143756e-15	1020
1.0	2.2	3.0908309076955243e-15	1030
1.0	2.2	3.094746555942553e-15	1040
1.0	2.2	3.098635049333865e-15	1050
1.0	2.2	3.1024972368537714e-15	1060
1.0	2.2	3.106333945710783e-15	1070
1.0	2.2	3.11014598140723e-15	1080
1.0	2.2	3.113934127855096e-15	1090
1.0	2.2	3.1176991475330374e-15	1100
1.0	2.2	3.1214417816802916e-15	1110
1.0	2.2	3.1251627505232108e-15	1120
1.0	2.2	3.1288627535307162e-15	1130
1.0	2.2	3.1325424696951113e-15	1140
1.0	2.2	3.136202557835127e-15	1150
1.0	2.2	3.1398436569181684e-15	1160
1.0	2.2	3.1434663863991427e-15	1170
1.0	2.2	3.1470713465733462e-15	1180
1.0	2.2	3.150659118941191e-15	1190
1.0	2.2	3.154230266582671e-15	1200
1.0	2.2	3.1577853345397742e-15	1210
1.0	2.2	3.1613248502050054e-15	1220
1.0	2.2	3.1648493237146197e-15	1230
1.0	2.2	3.1683592483449937e-15	1240
1.0	2.2	3.1718551009110408e-15	1250
1.0	2.2	3.1753373421653574e-15	1260
1.0	2.2	3.1788064171971594e-15	1270
1.0	2.2	3.182262755830062e-15	1280
1.0	2.2	3.1857067730178363e-15	1290
1.0	2.2	3.1891388692374194e-15	1300
1.0	2.2	3.192559430878536e-15	1310
1.0	2.2	3.1959688306292577e-15	1320
1.0	2.2	3.1993674278571053e-15	1330
1.0	2.2	3.2027555689850867e-15	1340
1.0	2.2	3.2061335878624264e-15	1350
1.0	2.2	3.209501806129499e-15	1360
1.0	2.2	3.2128605335767524e-15	1370
1.0	2.2	3.216210068497358e-15	1380
1.0	2.2	3.2195506980333133e-15	1390
1.0	2.2	3.2228826985149227e-15	1400
1.0	2.2	3.226206335793395e-15	1410
1.0	2.2	3.2295218655665513e-15	1420
1.0	2.2	3.2328295336974686e-15	1430
1.0	2.2	3.2361295765260617e-15	1440
1.0	2.2	3.2394222211735565e-15	1450
1.0	2.2	3.2427076858397572e-15	1460
1.0	2.2	3.245986180093285e-15	1470
1.0	2.2	3.249257905154584e-15	1480
1.0	2.2	3.2525230541718914e-15	1490
1.0	2.2	3.255781812490183e-15	1500
1.0	2.2	3.2590343579130934e-15	1510
1.0	2.2	3.262280860957935e-15	1520
1.0	2.2	3.2655214851038977e-15	1530
1.0	2.2	3.268756387033462e-15	1540
1.0	2.2	3.2719857168671826e-15	1550
1.0	2.2	3.275209618391895e-15	1560
1.0	2.2	3.2784282292824646e-15	1570
1.0	2.2	3.2816416813172237e-15	1580
1.0	2.2	3.2848501005871225e-15	1590
1.0	2.4	3.5360547284154844e-15	200
1.0	2.4	3.550296223938015e-15	210
1.0	2.4	3.563902785157607e-15	220
1.0	2.4	3.576931534642785e-15	230
1.0	2.4	3.589433846763014e-15	240
1.0	2.4	3.601456373159424e-15	250
1.0	2.4	3.613041731942512e-15	260
1.0	2.4	3.624228969465158e-15	270
1.0	2.4	3.635053872376379e-15	280
1.0	2.4	3.645549185481503e-15	290
1.0	2.4	3.655744774618891e-15	300
1.0	2.4	3.66566776151971e-15	310
1.0	2.4	3.675342648381905e-15	320
1.0	2.4	3.684791442983637e-15	330
1.0	2.4	3.69403379010852e-15	340
1.0	2.4	3.703087111484594e-15	350
1.0	2.4	3.711966754042071e-15	360
1.0	2.4	3.720686144808207e-15	370
1.0	2.4	3.729256949955127e-15	380
1.0	2.4	3.7376892352088615e-15	390
1.0	2.4	3.745991624860467e-15	400
1.0	2.4	3.7541714568704765e-15	410
1.0	2.4	3.7622349319323845e-15	420
1.0	2.4	3.770187254790944e-15	430
1.0	2.4	3.7780327665485315e-15	440
1.0	2.4	3.785775067106027e-15	450
1.0	2.4	3.793417127254868e-15	460
1.0	2.4	3.800961390253976e-15	470
1.0	2.4	3.808409862986817e-15	480
1.0	2.4	3.815764197000331e-15	490
1.0	2.4	3.823025759884357e-15	500
1.0	2.4	3.830195697561652e-15	510
1.0	2.4	3.837274988132574e-15	520
1.0	2.4	3.844264487960153e-15	530
1.0	2.4	3.851164970697369e-15	540
1.0	2.4	3.8579771599545704e-15	550
1.0	2.4	3.864701756285295e-15	560
1.0	2.4	3.8713394591384886e-15	570
1.0	2.4	3.87789098438662e-15	580
1.0	2.4	3.884357077996134e-15	590
1.0	2.4	3.890738526361089e-15	600
1.0	2.4	3.897036163774008e-15	610
1.0	2.4	3.903250877462065e-15	620
1.0	2.4	3.909383610572039e-15	630
1.0	2.4	3.91543536344499e-15	640
1.0	2.4	3.9214071934818416e-15	650
1.0	2.4	3.927300213864176e-15	660
1.0	2.4	3.933115591360372e-15	670
1.0	2.4	3.938854543416844e-15	680
1.0	2.4	3.9445183347057824e-15	690
1.0	2.4	3.950108273276166e-15	700
1.0	2.4	3.9556257064324065e-15	710
1.0	2.4	3.96107201644533e-15	720
1.0	2.4	3.966448616182741e-15	730
1.0	2.4	3.971756944731792e-15	740
1.0	2.4	3.976998463071842e-15	750
1.0	2.4	3.9821746498453215e-15	760
1.0	2.4	3.987286997263869e-15	770
1.0	2.4	3.9923370071788435e-15	780
1.0	2.4	3.9973261873377275e-15	790
1.0	2.4	4.002256047842069e-15	800
1.0	2.4	4.0071280978172925e-15	810
1.0	2.4	4.011943842300379e-15	820
1.0	2.4	4.0167047793478936e-15	830
1.0	2.4	4.021412397363839e-15	840
1.0	2.4	4.026068172644503e-15	850
1.0	2.4	4.0306735671354155e-15	860
1.0	2.4	4.035230026394176e-15	870
1.0	2.4	4.039738977751743e-15	880
1.0	2.4	4.044201828663695e-15	890
1.0	2.4	4.048619965242777e-15	900
1.0	2.4	4.052994750963228e-15	910
1.0	2.4	4.0573275255274226e-15	920
1.0	2.4	4.0616196038851644e-15	930
1.0	2.4	4.0658722753960755e-15	940
1.0	2.4	4.07008680312551e-15	950
1.0	2.4	4.074264423264846e-15	960
1.0	2.4	4.0784063446670966e-15	970
1.0	2.4	4.082513748489096e-15	980
1.0	2.4	4.086587787932e-15	990
1.0	2.4	4.0906295880720816e-15	1000
1.0	2.4	4.094640245774143e-15	1010
1.0	2.4	4.09862082968048e-15	1020
1.0	2.4	4.10257238026844e-15	1030
1.0	2.4	4.106495909970214e-15	1040
1.0	2.4	4.110392403348857e-15	1050
1.0	2.4	4.11426281732474e-15	1060
1.0	2.4	4.118108081447335e-15	1070
1.0	2.4	4.1219290982072375e-15	1080
1.0	2.4	4.1257267433839134e-15	1090
1.0	2.4	4.129501866424878e-15	1100
1.0	2.4	4.1332552908523655e-15	1110
1.0	2.4	4.136987814693864e-15	1120
1.0	2.4	4.140700210933087e-15	1130
1.0	2.4	4.144393227978308e-15	1140
1.0	2.4	4.148067590145238e-15	1150
1.0	2.4	4.151723998151765e-15	1160
1.0	2.4	4.155363129622231e-15	1170
1.0	2.4	4.158985639599029e-15	1180
1.0	2.4	4.162592161059487e-15	1190
1.0	2.4	4.166183305436322e-15	1200
1.0	2.4	4.1697596631399656e-15	1210
1.0	2.4	4.173321804081279e-15	1220
1.0	2.4	4.176870278193333e-15	1230
1.0	2.4	4.180405615951059e-15	1240
1.0	2.4	4.183928328887683e-15	1250
1.0	2.4	4.18743891010699e-15	1260
1.0	2.4	4.1909378347905604e-15	1270
1.0	2.4	4.194425560699228e-15	1280
1.0	2.4	4.197902528668069e-15	1290
1.0	2.4	4.201369163094454e-15	1300
1.0	2.4	4.2048258724184425e-15	1310
1.0	2.4	4.2082730495953154e-15	1320
1.0	2.4	4.211711072559782e-15	1330
1.0	2.4	4.2151403046814414e-15	1340
1.0	2.4	4.218561095211499e-15	1350
1.0	2.4	4.221973779720251e-15	1360
1.0	2.4	4.22537868052536e-15	1370
1.0	2.4	4.228776107110743e-15	1380
1.0	2.4	4.2321663565359376e-15	1390
1.0	2.4	4.235549713835985e-15	1400
1.0	2.4	4.238926452411717e-15	1410
1.0	2.4	4.242296834410511e-15	1420
1.0	2.4	4.2456611110974825e-15	1430
1.0	2.4	4.249019523217233e-15	1440
1.0	2.4	4.252372301346156e-15	1450
1.0	2.4	4.255719666235408e-15	1460
1.0	2.4	4.2590618291446364e-15	1470
1.0	2.4	4.262398992166622e-15	1480
1.0	2.4	4.265731348542873e-15	1490
1.0	2.4	4.2690590829703565e-15	1500
1.0	2.4	4.2723823718995145e-15	1510
1.0	2.4	4.275701383823704e-15	1520
1.0	2.4	4.2790162795601774e-15	1530
1.0	2.4	4.2823272125228395e-15	1540
1.0	2.4	4.285634328986844e-15	1550
1.0	2.4	4.288937768345331e-15	1560
1.0	2.4	4.292237663358328e-15	1570
1.0	2.4	4.295534140394074e-15	1580
1.0	2.4	4.2988273196629625e-15	1590
1.0	2.6	2.132166622499862e-15	200
1.0	2.6	2.1501715556236822e-15	210
1.0	2.6	2.167927608058796e-15	220
1.0	2.6	2.18542993783565e-15	230
1.0	2.6	2.2026778661960836e-15	240
1.0	2.6	2.2196739973421948e-15	250
1.0	2.6	2.2364234627585597e-15	260
1.0	2.6	2.2529332680409108e-15	270
1.0	2.6	2.2692117289581673e-15	280
1.0	2.6	2.2852679886651678e-15	290
1.0	2.6	2.3011116105401324e-15	300
1.0	2.6	2.3167522419565455e-15	310
1.0	2.6	2.332199344160763e-15	320
1.0	2.6	2.3474619828624592e-15	330
1.0	2.6	2.3625486735180565e-15	340
1.0	2.6	2.377467274807144e-15	350
1.0	2.6	2.392224923565529e-15	360
1.0	2.6	2.4068280044652167e-15	370
1.0	2.6	2.4212821479952956e-15	380
1.0	2.6	2.4355922507484016e-15	390
1.0	2.6	2.4497625125976946e-15	400
1.0	2.6	2.463796486004466e-15	410
1.0	2.6	2.477697133378702e-15	420
1.0	2.6	2.4914668890875e-15	430
1.0	2.6	2.5051077233413058e-15	440
1.0	2.6	2.5186212057681585e-15	450
1.0	2.6	2.532008567001002e-15	460
1.0	2.6	2.545270757048818e-15	470
1.0	2.6	2.5584084995991892e-15	480
1.0	2.6	2.571422341711515e-15	490
1.0	2.6	2.5843126986120433e-15	500
1.0	2.6	2.5970798935006405e-15	510
1.0	2.6	2.609724192431883e-15	520
1.0	2.6	2.622245834446434e-15	530
1.0	2.6	2.634645057209259e-15	540
1.0	2.6	2.6469221184651848e-15	550
1.0	2.6	2.659077313654543e-15	560
1.0	2.6	2.6711109900471648e-15	570
1.0	2.6	2.6830235577553063e-15	580
1.0	2.6	2.6948154979788586e-15	590
1.0	2.6	2.706487368821753e-15	600
1.0	2.6	2.7180398089992293e-15	610
1.0	2.6	2.729473539733447e-15	620
1.0	2.6	2.7407893651106447e-15	630
1.0	2.6	2.7519881711484706e-15	640
1.0	2.6	2.763070923797346e-15	650
1.0	2.6	2.7740386660758626e-15	660
1.0	2.6	2.7848925145172788e-15	670
1.0	2.6	2.7956336550826826e-15	680
1.0	2.6	2.8062633386765826e-15	690
1.0	2.6	2.816782876382136e-15	700
1.0	2.6	2.8271936345166675e-15	710
1.0	2.6	2.8374970295930837e-15	720
1.0	2.6	2.8476945232591555e-15	730
1.0	2.6	2.857787617274727e-15	740
1.0	2.6	2.867777848576125e-15	750
1.0	2.6	2.8776667844678816e-15	760
1.0	2.6	2.8874560179734717e-15	770
1.0	2.6	2.8971471633698145e-15	780
1.0	2.6	2.906741851924126e-15	790
1.0	2.6	2.916241727846384e-15	800
1.0	2.6	2.92564844446617e-15	810
1.0	2.6	2.9349636606390692e-15	820
1.0	2.6	2.9441890373842335e-15	830
1.0	2.6	2.95332623475251e-15	840
1.0	2.6	2.962376908921984e-15	850
1.0	2.6	2.9713427095162936e-15	860
1.0	2.6	2.980225277139512e-15	870
1.0	2.6	2.9890262411203535e-15	880
1.0	2.6	2.997747217457619e-15	890
1.0	2.6	3.006389806958188e-15	900
1.0	2.6	3.0149555935583953e-15	910
1.0	2.6	3.0234461428194876e-15	920
1.0	2.6	3.0318630005876187e-15	930
1.0	2.6	3.0402076918088724e-15	940
1.0	2.6	3.0484817194899153e-15	950
1.0	2.6	3.056686563795017e-15	960
1.0	2.6	3.0648236812703742e-15	970
1.0	2.6	3.07289450418696e-15	980
1.0	2.6	3.0809004399934705e-15	990
1.0	2.6	3.0888428708711432e-15	1000
1.0	2.6	3.096723153382746e-15	1010
1.0	2.6	3.104542618208219e-15	1020
1.0	2.6	3.1123025699599377e-15	1030
1.0	2.6	3.120004287070932e-15	1040
1.0	2.6	3.127649021749729e-15	1050
1.0	2.6	3.135237999995734e-15	1060
1.0	2.6	3.1427724216698213e-15	1070
1.0	2.6	3.1502534606145613e-15	1080
1.0	2.6	3.157682264819403e-15	1090
1.0	2.6	3.165059956626089e-15	1100
1.0	2.6	3.1723876329701346e-15	1110
1.0	2.6	3.179666365654237e-15	1120
1.0	2.6	3.18689720165005e-15	1130
1.0	2.6	3.1940811634248848e-15	1140
1.0	2.6	3.2012192492900608e-15	1150
1.0	2.6	3.2083124337681312e-15	1160
1.0	2.6	3.2153616679761643e-15	1170
1.0	2.6	3.2223678800227014e-15	1180
1.0	2.6	3.229331975416009e-15	1190
1.0	2.6	3.23625483748164e-15	1200
1.0	2.6	3.2431373277873566e-15	1210
1.0	2.6	3.2499802865736418e-15	1220
1.0	2.6	3.2567845331882827e-15	1230
1.0	2.6	3.263550866523521e-15	1240
1.0	2.6	3.2702800654545333e-15	1250
1.0	2.6	3.276972889278026e-15	1260
1.0	2.6	3.2836300781498487e-15	1270
1.0	2.6	3.290252353520758e-15	1280
1.0	2.6	3.296840418569461e-15	1290
1.0	2.6	3.303394958632076e-15	1300
1.0	2.6	3.3099166416274778e-15	1310
1.0	2.6	3.316406118477867e-15	1320
1.0	2.6	3.3228640235240103e-15	1330
1.0	2.6	3.3292909749347813e-15	1340
1.0	2.6	3.335687575110506e-15	1350
1.0	2.6	3.3420544110798618e-15	1360
1.0	2.6	3.348392054889979e-15	1370
1.0	2.6	3.354701063989569e-15	1380
1.0	2.6	3.3609819816047905e-15	1390
1.0	2.6	3.367235337107807e-15	1400
1.0	2.6	3.3734616463778113e-15	1410
1.0	2.6	3.379661412154471e-15	1420
1.0	2.6	3.3858351243837792e-15	1430
1.0	2.6	3.3919832605561455e-15	1440
1.0	2.6	3.3981062860368667e-15	1450
1.0	2.6	3.404204654388866e-15	1460
1.0	2.6	3.410278807687817e-15	1470
1.0	2.6	3.4163291768296148e-15	1480
1.0	2.6	3.422356181830306e-15	1490
1.0	2.6	3.4283602321185833e-15	1500
1.0	2.6	3.4343417268208245e-15	1510
1.0	2.6	3.4403010550388377e-15	1520
1.0	2.6	3.446238596120483e-15	1530
1.0	2.6	3.4521547199231135e-15	1540
1.0	2.6	3.458049787070102e-15	1550
1.0	2.6	3.463924149200518e-15	1560
1.0	2.6	3.4697781492120834e-15	1570
1.0	2.6	3.4756121214975523e-15	1580
1.0	2.6	3.4814263921746238e-15	1590
1.0	2.8	2.318951465276258e-15	200
1.0	2.8	2.331760242831792e-15	210
1.0	2.8	2.3447165819718625e-15	220
1.0	2.8	2.357787647341413e-15	230
1.0	2.8	2.3709477602636318e-15	240
1.0	2.8	2.3841770696786833e-15	250
1.0	2.8	2.397460424603045e-15	260
1.0	2.8	2.410786409106525e-15	270
1.0	2.8	2.424146515262385e-15	280
1.0	2.8	2.4375344379308833e-15	290
1.0	2.8	2.4509454796906464e-15	300
1.0	2.8	2.464376056251328e-15	310
1.0	2.8	2.4778232933336007e-15	320
1.0	2.8	2.4912847060107967e-15	330
1.0	2.8	2.504757951327128e-15	340
1.0	2.8	2.518240644901377e-15	350
1.0	2.8	2.5317302323162366e-15	360
1.0	2.8	2.545223906416173e-15	370
1.0	2.8	2.5587185621716703e-15	380
1.0	2.8	2.572210781467903e-15	390
1.0	2.8	2.5856968409856884e-15	400
1.0	2.8	2.5991727372063997e-15	410
1.0	2.8	2.6126342234439514e-15	420
1.0	2.8	2.6260768546479417e-15	430
1.0	2.8	2.6394960365063503e-15	440
1.0	2.8	2.6528870760865484e-15	450
1.0	2.8	2.666245231880489e-15	460
1.0	2.8	2.679565761661383e-15	470
1.0	2.8	2.6928439670165934e-15	480
1.0	2.8	2.706075233800206e-15	490
1.0	2.8	2.7192550680556386e-15	500
1.0	2.8	2.7323791272019902e-15	510
1.0	2.8	2.7454432464662768e-15	520
1.0	2.8	2.7584434606847897e-15	530
1.0	2.8	2.7713760216991883e-15	540
1.0	2.8	2.7842374116430534e-15	550
1.0	2.8	2.7970243524587874e-15	560
1.0	2.8	2.809733812008778e-15	570
1.0	2.8	2.8223630071526032e-15	580
1.0	2.8	2.834909404158389e-15	590
1.0	2.8	2.847370716803604e-15	600
1.0	2.8	2.8597449025021194e-15	610
1.0	2.8	2.8720301567715313e-15	620
1.0	2.8	2.8842249063293924e-15	630
1.0	2.8	2.8963278010811795e-15	640
1.0	2.8	2.90833770523603e-15	650
1.0	2.8	2.9202536877605404e-15	660
1.0	2.8	2.932075012356194e-15	670
1.0	2.8	2.943801127122408e-15	680
1.0	2.8	2.9554316540455585e-15	690
1.0	2.8	2.966966378434193e-15	700
1.0	2.8	2.9784052384023645e-15	710
1.0	2.8	2.9897483144865916e-15	720
1.0	2.8	3.0009958194670835e-15	730
1.0	2.8	3.012148088450775e-15	740
1.0	2.8	3.0232055692620503e-15	750
1.0	2.8	3.034168813176974e-15	760
1.0	2.8	3.0450384660277408e-15	770
1.0	2.8	3.055815259696708e-15	780
1.0	2.8	3.066500004012481e-15	790
1.0	2.8	3.0770935790550794e-15	800
1.0	2.8	3.0875969278725183e-15	810
1.0	2.8	3.098011049606888e-15	820
1.0	2.8	3.1083369930250785e-15	830
1.0	2.8	3.118575850446404e-15	840
1.0	2.8	3.128728752057142e-15	850
1.0	2.8	3.138796860600519e-15	860
1.0	2.8	3.148781366429209e-15	870
1.0	2.8	3.1586834829063147e-15	880
1.0	2.8	3.1685044421404282e-15	890
1.0	2.8	3.1782454910396275e-15	900
1.0	2.8	3.1879078876691402e-15	910
1.0	2.8	3.197492897897335e-15	920
1.0	2.8	3.207001792314851e-15	930
1.0	2.8	3.216435843411685e-15	940
1.0	2.8	3.2257963229975822e-15	950
1.0	2.8	3.2350844998512596e-15	960
1.0	2.8	3.2443016375845146e-15	970
1.0	2.8	3.253448992707756e-15	980
1.0	2.8	3.262527812883998e-15	990
1.0	2.8	3.271539335358761e-15	1000
1.0	2.8	3.2804847855541747e-15	1010
1.0	2.8	3.2893653758157813e-15	1020
1.0	2.8	3.2981823043013188e-15	1030
1.0	2.8	3.306936754001331e-15	1040
1.0	2.8	3.315629891881797e-15	1050
1.0	2.8	3.3242628681397315e-15	1060
1.0	2.8	3.332836815563119e-15	1070
1.0	2.8	3.3413528489870135e-15	1080
1.0	2.8	3.3498120648382124e-15	1090
1.0	2.8	3.3582155407614152e-15	1100
1.0	2.8	3.3665643353199435e-15	1110
1.0	2.8	3.3748594877649857e-15	1120
1.0	2.8	3.383102017867351e-15	1130
1.0	2.8	3.3912929258062314e-15	1140
1.0	2.8	3.3994331921099993e-15	1150
1.0	2.8	3.407523777644091e-15	1160
1.0	2.8	3.415565623641714e-15	1170
1.0	2.8	3.4235596517731345e-15	1180
1.0	2.8	3.4315067642498132e-15	1190
1.0	2.8	3.439407843959776e-15	1200
1.0	2.8	3.4472637546309646e-15	1210
1.0	2.8	3.4550753410195946e-15	1220
1.0	2.8	3.4628434291205395e-15	1230
1.0	2.8	3.4705688263973418e-15	1240
1.0	2.8	3.478252322029346e-15	1250
1.0	2.8	3.4858946871737708e-15	1260
1.0	2.8	3.4934966752407472e-15	1270
1.0	2.8	3.5010590221793426e-15	1280
1.0	2.8	3.5085824467730275e-15	1290
1.0	2.8	3.516067650942858e-15	1300
1.0	2.8	3.5235153200570648e-15	1310
1.0	2.8	3.530926123245665e-15	1320
1.0	2.8	3.538300713718933e-15	1330
1.0	2.8	3.5456397290886414e-15	1340
1.0	2.8	3.5529437916910936e-15	1350
1.0	2.8	3.560213508911005e-15	1360
1.0	2.8	3.567449473505509e-15	1370
1.0	2.8	3.574652263927474e-15	1380
1.0	2.8	3.581822444647499e-15	1390
1.0	2.8	3.5889605664740045e-15	1400
1.0	2.8	3.596067166870917e-15	1410
1.0	2.8	3.6031427702723754e-15	1420
1.0	2.8	3.6101878883941805e-15	1430
1.0	2.8	3.617203020541493e-15	1440
1.0	2.8	3.624188653912517e-15	1450
1.0	2.8	3.631145263897893e-15	1460
1.0	2.8	3.638073314375495e-15	1470
1.0	2.8	3.644973258000491e-15	1480
1.0	2.8	3.651845536490422e-15	1490
1.0	2.8	3.65869058090522e-15	1500
1.0	2.8	3.665508811921961e-15	1510
1.0	2.8	3.672300640104285e-15	1520
1.0	2.8	3.679066466166466e-15	1530
1.0	2.8	3.6858066812319495e-15	1540
1.0	2.8	3.692521667086449e-15	1550
1.0	2.8	3.6992117964254315e-15	1560
1.0	2.8	3.705877433096203e-15	1570
1.0	2.8	3.712518932334288e-15	1580
1.0	2.8	3.719136640994472e-15	1590
1.0	3.0	3.888538915445175e-15	200
1.0	3.0	3.895705504739778e-15	210
1.0	3.0	3.902352801004794e-15	220
1.0	3.0	3.908570483127849e-15	230
1.0	3.0	3.914433093818391e-15	240
1.0	3.0	3.9200031730582836e-15	250
1.0	3.0	3.925333623018688e-15	260
1.0	3.0	3.930469495236605e-15	270
1.0	3.0	3.935449345543089e-15	280
1.0	3.0	3.94030626784913e-15	290
1.0	3.0	3.945068691386283e-15	300
1.0	3.0	3.949761005349606e-15	310
1.0	3.0	3.954404058740476e-15	320
1.0	3.0	3.959015570607101e-15	330
1.0	3.0	3.96361047612958e-15	340
1.0	3.0	3.968201226548259e-15	350
1.0	3.0	3.972798055341846e-15	360
1.0	3.0	3.977409218951817e-15	370
1.0	3.0	3.982041217406281e-15	380
1.0	3.0	3.986698998153532e-15	390
1.0	3.0	3.9913861450540136e-15	400
1.0	3.0	3.996105053618777e-15	410
1.0	3.0	4.000857093080909e-15	420
1.0	3.0	4.005642755632017e-15	430
1.0	3.0	4.010461793063698e-15	440
1.0	3.0	4.015313341062702e-15	450
1.0	3.0	4.020196031471557e-15	460
1.0	3.0	4.025108092914625e-15	470
1.0	3.0	4.030047440281015e-15	480
1.0	3.0	4.035011753638957e-15	490
1.0	3.0	4.0399985472234585e-15	500
1.0	3.0	4.045005229187978e-15	510
1.0	3.0	4.050029152840482e-15	520
1.0	3.0	4.05506766009624e-15	530
1.0	3.0	4.060118117876146e-15	540
1.0	3.0	4.065177948162388e-15	550
1.0	3.0	4.070244652396457e-15	560
1.0	3.0	4.075315830869376e-15	570
1.0	3.0	4.0803891977134995e-15	580
1.0	3.0	4.085462592061772e-15	590
1.0	3.0	4.090533985893902e-15	600
1.0	3.0	4.095601489043468e-15	610
1.0	3.0	4.100663351794053e-15	620
1.0	3.0	4.105717965448677e-15	630
1.0	3.0	4.110763861215079e-15	640
1.0	3.0	4.115799707709711e-15	650
1.0	3.0	4.120824307347058e-15	660
1.0	3.0	4.125836591846995e-15	670
1.0	3.0	4.130835617062102e-15	680
1.0	3.0	4.135820557299211e-15	690
1.0	3.0	4.140790699284061e-15	700
1.0	3.0	4.145745435895742e-15	710
1.0	3.0	4.150684259777495e-15	720
1.0	3.0	4.155606756913068e-15	730
1.0	3.0	4.160512600241956e-15	740
1.0	3.0	4.16540154337372e-15	750
1.0	3.0	4.1702734144495e-15	760
1.0	3.0	4.175128110188877e-15	770
1.0	3.0	4.1799655901512325e-15	780
1.0	3.0	4.184785871233617e-15	790
1.0	3.0	4.189589022420408e-15	800
1.0	3.0	4.1943751597948995e-15	810
1.0	3.0	4.199144441818408e-15	820
1.0	3.0	4.203897064878752e-15	830
1.0	3.0	4.208633259106808e-15	840
1.0	3.0	4.213353284457553e-15	850
1.0	3.0	4.218057427049696e-15	860
1.0	3.0	4.222745995756725e-15	870
1.0	3.0	4.227419319040838e-15	880
1.0	3.0	4.232077742020257e-15	890
1.0	3.0	4.236721623759994e-15	900
1.0	3.0	4.2413513347754665e-15	910
1.0	3.0	4.245967254738377e-15	920
1.0	3.0	4.25056977037389e-15	930
1.0	3.0	4.255159273538544e-15	940
1.0	3.0	4.259736159468056e-15	950
1.0	3.0	4.264300825184821e-15	960
1.0	3.0	4.268853668054818e-15	970
1.0	3.0	4.273395084484242e-15	980
1.0	3.0	4.277925468746389e-15	990
1.0	3.0	4.282445211929717e-15	1000
1.0	3.0	4.2869547009986505e-15	1010
1.0	3.0	4.2914543179586165e-15	1020
1.0	3.0	4.295944439117884e-15	1030
1.0	3.0	4.3004254344386075e-15	1040
1.0	3.0	4.3048976669701894e-15	1050
1.0	3.0	4.309361492358517e-15	1060
1.0	3.0	4.313817258424875e-15	1070
1.0	3.0	4.3182653048087674e-15	1080
1.0	3.0	4.32270596266933e-15	1090
1.0	3.0	4.327139554440301e-15	1100
1.0	3.0	4.3315663936337925e-15	1110
1.0	3.0	4.3359867846886605e-15	1120
1.0	3.0	4.3404010228592775e-15	1130
1.0	3.0	4.3448093941409334e-15	1140
1.0	3.0	4.34921217522862e-15	1150
1.0	3.0	4.3536096335056034e-15	1160
1.0	3.0	4.3580020270590885e-15	1170
1.0	3.0	4.362389604720111e-15	1180
1.0	3.0	4.366772606125071e-15	1190
1.0	3.0	4.37115126179665e-15	1200
1.0	3.0	4.375525793241891e-15	1210
1.0	3.0	4.379896413065454e-15	1220
1.0	3.0	4.3842633250963075e-15	1230
1.0	3.0	4.388626724526036e-15	1240
1.0	3.0	4.392986798057373e-15	1250
1.0	3.0	4.397343724061453e-15	1260
1.0	3.0	4.4016976727425966e-15	1270
1.0	3.0	4.406048806309377e-15	1280
1.0	3.0	4.41039727915088e-15	1290
1.0	3.0	4.414743238017353e-15	1300
1.0	3.0	4.4190868222041195e-15	1310
1.0	3.0	4.423428163738166e-15	1320
1.0	3.0	4.4277673875665395e-15	1330
1.0	3.0	4.432104611745967e-15	1340
1.0	3.0	4.436439947633102e-15	1350
1.0	3.0	4.440773500074809e-15	1360
1.0	3.0	4.445105367598083e-15	1370
1.0	3.0	4.449435642599118e-15	1380
1.0	3.0	4.45376441153112e-15	1390
1.0	3.0	4.458091755090672e-15	1400
1.0	3.0	4.462417748402075e-15	1410
1.0	3.0	4.466742461199695e-15	1420
1.0	3.0	4.471065958007873e-15	1430
1.0	3.0	4.475388298318237e-15	1440
1.0	3.0	4.479709536764325e-15	1450
1.0	3.0	4.4840297232932194e-15	1460
1.0	3.0	4.488348903334186e-15	1470
1.0	3.0	4.49266711796413e-15	1480
1.0	3.0	4.496984404069786e-15	1490
1.0	3.0	4.501300794506622e-15	1500
1.0	3.0	4.505616318254277e-15	1510
1.0	3.0	4.509931000568629e-15	1520
1.0	3.0	4.514244863130341e-15	1530
1.0	3.0	4.518557924189902e-15	1540
1.0	3.0	4.5228701987092035e-15	1550
1.0	3.0	4.527181698499522e-15	1560
1.0	3.0	4.531492432356053e-15	1570
1.0	3.0	4.53580240618889e-15	1580
1.0	3.0	4.5401116231505685e-15	1590
