1 2 -1.098 -103.006 -92.8239 -58.6519 -3.7222 4.14621 -4.34878
2 2 -1.098 -103.123 -92.497 -55.403 -0.600107 -3.46006 0.278287
3 2 -1.098 -102.86 -87.9775 -58.5906 -1.41634 3.59533 -3.12994
4 2 -1.098 -102.962 -87.9612 -55.3892 0.707354 -7.89614 -6.41243
5 1 2.196 -98.0561 -95.3973 -64.6545 6.62185 3.37226 1.99182
6 2 -1.098 -98.9557 -96.717 -63.7629 3.94648 -7.15515 1.17546
7 1 2.196 -99.7139 -94.9732 -61.5099 -2.13965 -1.76332 -2.72889
8 2 -1.098 -100.909 -93.5585 -61.6708 -1.26965 8.36243 3.22469
9 2 -1.098 -98.752 -96.6984 -61.0817 3.09196 0.952863 0.576358
10 1 2.196 -99.6287 -95.1191 -58.4855 -0.97773 -4.54849 2.04925
11 2 -1.098 -100.915 -95.3429 -60.0654 2.99245 2.02011 -3.00443
12 2 -1.098 -100.873 -93.6814 -58.3019 -2.32136 -3.1356 6.6428
13 2 -1.098 -98.2117 -96.2676 -58.3966 -1.38451 -1.24126 6.48958
14 1 2.196 -99.9204 -95.3164 -55.5217 0.36639 2.48809 0.564313
15 2 -1.098 -100.538 -95.991 -57.1279 -7.64894 -4.88493 0.399207
16 2 -1.098 -101.275 -93.9581 -55.5941 0.828966 -2.12698 1.60742
17 2 -1.098 -98.5041 -96.6607 -55.3244 -10.2745 -3.42674 0.254217
18 1 2.196 -99.859 -95.1194 -52.4697 1.34527 -0.21995 -1.44981
19 2 -1.098 -100.81 -95.8911 -53.8775 -1.89676 -6.63202 2.93933
20 2 -1.098 -101.424 -93.9319 -52.4783 -6.69352 5.65779 -0.300206
21 2 -1.098 -98.4869 -96.7185 -52.364 0.0738084 2.28509 -2.70686
22 2 -1.098 -98.5778 -91.8033 -67.1258 -3.50583 3.57883 -3.24946
23 1 2.196 -99.591 -91.1629 -65.7146 -1.42928 -0.605439 2.1067
24 2 -1.098 -100.951 -90.5068 -64.5953 -5.86977 4.85518 -8.90931
25 2 -1.098 -98.3342 -92.1404 -64.6158 -6.88854 0.523353 -0.246791
26 1 2.196 -99.8632 -90.7668 -61.4269 -1.19813 -0.432375 -0.997941
27 2 -1.098 -101.362 -89.6319 -61.3816 -0.36676 -2.04364 2.52525
28 2 -1.098 -100.425 -87.2018 -62.9996 -1.38179 2.67538 7.21723
29 2 -1.098 -98.4791 -92.0506 -61.6698 -2.08772 -0.31629 -5.92734
30 1 2.196 -101.61 -93.3646 -59.926 -1.23035 -1.47814 -4.86746
31 1 2.196 -99.7589 -90.8212 -58.3771 3.49509 -3.10509 0.21214
32 2 -1.098 -100.69 -91.6461 -59.9088 -1.35795 1.51103 -0.837655
33 2 -1.098 -101.096 -89.4281 -58.5428 2.03298 0.18508 2.74095
34 2 -1.098 -98.4797 -92.1316 -58.5182 1.0329 0.166574 2.10408
35 1 2.196 -102.074 -93.0063 -57.002 0.0715813 0.0252534 2.22258
36 1 2.196 -99.7963 -90.8043 -55.3867 -1.9416 0.703619 1.1992
37 2 -1.098 -100.727 -91.6305 -56.8981 -2.5455 4.56377 -0.894171
38 2 -1.098 -101.105 -89.4314 -55.4853 -5.11527 4.93224 5.64901
39 2 -1.098 -98.377 -91.9701 -55.4753 -5.96899 4.19485 -3.07538
40 1 2.196 -102.044 -93.0994 -54.0043 -0.180658 1.04897 3.18662
41 1 2.196 -99.8206 -90.8631 -52.483 0.454195 -2.74206 1.19717
42 2 -1.098 -100.659 -91.8202 -53.9739 -6.59362 0.187979 3.04369
43 2 -1.098 -101.436 -89.5695 -52.7296 -3.97914 -3.66562 -6.41213
44 2 -1.098 -98.4102 -92.192 -52.4305 3.18918 -2.20298 -1.12658
45 1 2.196 -99.5646 -90.8966 -49.469 0.642681 -1.34593 -3.24352
46 2 -1.098 -100.554 -91.5081 -50.7873 -3.97906 6.89678 -2.55724
47 2 -1.098 -98.4085 -92.3789 -49.2783 1.70756 4.70262 -2.51441
48 2 -1.098 -97.9922 -87.8409 -67.9376 -7.9054 2.86417 -0.612339
49 1 2.196 -99.5231 -86.0454 -64.6592 -2.30237 -1.67582 -1.77899
50 2 -1.098 -98.3233 -87.5138 -64.542 -2.24439 -5.57863 3.91792
51 1 2.196 -100.284 -88.7708 -64.1378 -0.836326 1.41882 1.07022
52 1 2.196 -99.6082 -86.1232 -61.5746 -0.0973374 -0.995313 1.38435
53 2 -1.098 -100.607 -87.3945 -65.353 -1.01391 -5.78072 2.18309
54 2 -1.098 -100.502 -84.4053 -62.0261 -0.0618832 -1.46482 -2.46708
55 2 -1.098 -98.2803 -87.5061 -61.4328 -0.804164 -0.466477 3.88879
56 1 2.196 -101.789 -88.4444 -59.9579 -2.8948 2.4789 3.93682
57 1 2.196 -99.8324 -86.1653 -58.4146 -1.59636 0.986296 1.01758
58 2 -1.098 -100.663 -86.9633 -60.1767 -0.326561 -4.02408 -3.68426
59 2 -1.098 -101.364 -84.9977 -58.1299 1.41636 -7.7184 -4.50507
60 2 -1.098 -98.3882 -87.6013 -58.4892 -0.546302 0.299163 5.77541
61 1 2.196 -102.027 -88.4709 -56.9613 2.13407 0.842635 0.716294
62 1 2.196 -99.7573 -86.2497 -55.2926 1.31044 -3.88703 1.64923
63 2 -1.098 -100.551 -87.2356 -56.8572 -2.22305 2.90929 1.41088
64 2 -1.098 -101.096 -85.0169 -55.5386 -3.58053 -5.78459 5.01024
65 2 -1.098 -98.4041 -87.6335 -55.415 -0.304516 1.34834 -5.33086
66 1 2.196 -101.926 -88.3969 -53.9232 -1.18132 0.576626 1.8126
67 1 2.196 -99.5683 -86.1656 -52.1637 0.937674 1.11617 -0.0687691
68 2 -1.098 -100.741 -87.0403 -53.6296 -0.942833 -5.85097 -1.85825
69 2 -1.098 -100.731 -86.372 -50.6539 3.63117 1.25427 -3.94055
70 2 -1.098 -98.3564 -87.5871 -52.4561 0.123319 -3.34585 0.676609
71 1 2.196 -99.5511 -86.1788 -49.1691 -0.913493 -0.0948498 2.06244
72 2 -1.098 -98.4763 -87.7103 -49.9188 1.01611 -0.715204 -1.29824
73 2 -1.098 -99.0739 -87.2391 -47.6386 -2.81202 -2.15979 -0.295414
74 2 -1.098 -98.2825 -83.1881 -64.407 -0.639451 3.44866 -5.73299
75 1 2.196 -100.058 -82.6024 -61.7819 4.19186 0.675377 -0.541142
76 2 -1.098 -98.2832 -83.1867 -61.5348 -2.60864 9.08378 -0.989552
77 1 2.196 -99.4545 -81.6135 -58.6384 -3.11079 2.41473 -3.28435
78 2 -1.098 -100.41 -82.326 -59.9894 4.97971 2.14399 3.58717
79 2 -1.098 -98.271 -83.0654 -58.5541 -0.865959 -3.29437 -0.313578
80 1 2.196 -101.72 -83.7738 -56.703 2.37524 0.586669 3.30034
81 1 2.196 -99.8573 -81.7454 -55.6089 1.10342 0.663265 -0.922973
82 2 -1.098 -100.472 -82.5512 -57.3014 0.00641811 -1.41973 -1.81887
83 2 -1.098 -98.5615 -83.0664 -55.3869 -2.53722 -1.7416 -3.5115
84 2 -1.098 -101.726 -82.3696 -55.4137 5.50784 -3.10062 0.505348
85 2 -1.098 -98.3479 -82.999 -52.3311 6.801 5.41737 3.50728
86 2 -1.098 -98.9211 -84.7315 -48.1159 -1.90198 0.762334 8.49307
87 1 2.196 -95.6042 -98.1641 -64.6683 -1.61395 0.308555 -2.36933
88 2 -1.098 -97.1006 -98.6751 -63.7771 2.77436 7.89752 -5.10473
89 1 2.196 -95.2889 -99.7657 -61.3302 -1.88722 -2.87802 -2.4293
90 2 -1.098 -96.9272 -98.4703 -61.1956 -3.13562 -0.299795 -5.27646
91 2 -1.098 -94.0058 -101.142 -61.2976 3.96139 2.63614 3.35984
92 1 2.196 -95.3404 -99.8311 -58.3188 -0.814254 -0.540666 -1.18236
93 2 -1.098 -96.1613 -100.574 -59.852 -5.69597 -5.76171 -2.04172
94 2 -1.098 -96.3102 -98.1227 -58.3565 0.610347 0.235232 -3.80241
95 2 -1.098 -93.9071 -101.17 -58.3602 2.75427 1.87945 0.318514
96 1 2.196 -95.46 -99.7542 -55.4068 2.75975 4.66432 -4.81258
97 2 -1.098 -96.217 -100.555 -56.9013 2.8915 3.80217 8.00607
98 2 -1.098 -96.7716 -98.372 -55.3469 -3.32279 3.59938 8.59558
99 2 -1.098 -93.9776 -101.159 -55.5446 -5.94556 1.49262 -3.16669
100 1 2.196 -95.1519 -99.797 -52.4513 -1.6414 2.14583 1.92273
101 2 -1.098 -96.0102 -100.665 -53.8434 3.49664 -3.24238 -1.62749
102 2 -1.098 -96.5501 -98.3783 -52.506 -1.97762 -2.32155 2.9015
103 2 -1.098 -93.9149 -101.191 -52.5588 -4.2931 0.860757 -4.96416
104 1 2.196 -94.9054 -95.1961 -67.6642 -1.72938 -1.1361 -0.406583
105 2 -1.098 -96.4386 -94.2083 -67.4186 4.56173 0.845969 -2.66864
106 2 -1.098 -93.6984 -96.5618 -67.3196 -1.20454 4.8292 2.56308
107 1 2.196 -95.1492 -95.1011 -64.3502 -2.18571 2.17767 4.41884
108 2 -1.098 -96.5386 -96.362 -65.2319 -1.01328 -1.28756 -7.29344
109 2 -1.098 -96.6693 -93.9722 -64.4512 -7.04112 -5.51382 5.18509
110 2 -1.098 -94.2492 -96.7639 -64.2327 -5.05686 -4.53545 5.21778
111 1 2.196 -97.7833 -97.5049 -62.5747 -3.98792 2.90904 -2.18082
112 1 2.196 -95.1606 -95.0905 -61.3773 -0.396468 -4.59306 -0.485489
113 2 -1.098 -96.362 -96.0578 -62.8278 -2.19336 -1.09243 -5.10541
114 2 -1.098 -96.5514 -93.7629 -61.5015 -3.77054 -4.31549 1.40426
115 2 -1.098 -93.8585 -96.5061 -61.4611 -0.839581 -6.67156 -0.916316
116 1 2.196 -97.5455 -97.5796 -59.6614 2.22278 -0.620364 1.28549
117 1 2.196 -95.3414 -95.2861 -58.3564 0.363377 1.91796 0.262543
118 2 -1.098 -96.2529 -96.0211 -59.9331 1.33773 0.529089 -3.11538
119 2 -1.098 -96.5223 -93.7148 -58.5439 6.11069 5.9489 -5.21207
120 2 -1.098 -93.967 -96.496 -58.5087 2.73521 2.10061 -0.349514
121 1 2.196 -97.6409 -97.5798 -56.9101 1.69315 -1.84655 -1.54329
122 1 2.196 -95.2023 -95.2008 -55.4222 -5.64078 2.89352 2.46387
123 2 -1.098 -96.1201 -96.1432 -56.8007 -2.35753 -2.96366 2.99763
124 2 -1.098 -98.5841 -98.503 -58.269 -1.4814 -0.543213 -3.14218
125 2 -1.098 -96.5654 -93.8576 -55.4461 2.20012 7.73294 -4.31728
126 2 -1.098 -93.8217 -96.5336 -55.5352 -3.5831 7.10368 -1.25843
127 1 2.196 -97.4312 -97.313 -53.879 -0.643578 4.0821 4.31876
128 1 2.196 -95.0865 -95.1069 -52.5171 3.23479 -3.7419 -4.05004
129 2 -1.098 -96.0916 -96.0362 -54.0042 -2.85088 -3.46496 -3.34518
130 2 -1.098 -98.1409 -98.3604 -49.5483 -5.74086 -1.07417 5.81983
131 2 -1.098 -96.5767 -93.8866 -52.4977 -4.00669 2.98176 2.13706
132 2 -1.098 -93.776 -96.5324 -52.5855 7.633 -0.380111 -4.47052
133 1 2.196 -97.3107 -97.4356 -50.9076 0.807567 1.77926 0.425209
134 1 2.196 -95.1677 -95.1929 -49.5713 2.14601 0.0440216 0.227897
135 2 -1.098 -95.9712 -96.1049 -51.0666 2.03144 -6.73876 4.12322
136 2 -1.098 -96.4585 -93.8092 -49.5215 5.98167 -1.88725 -1.51431
137 2 -1.098 -93.7859 -96.606 -49.472 -4.07244 2.28358 -0.9403
138 1 2.196 -95.751 -95.6601 -46.7032 -3.80913 2.55337 2.39466
139 2 -1.098 -96.2123 -96.2061 -48.358 0.974772 0.333878 -3.22624
140 2 -1.098 -96.8645 -94.175 -46.5905 0.607916 -1.00751 3.26063
141 2 -1.098 -94.2819 -96.8655 -46.6334 1.4923 3.37297 -5.0617
142 1 2.196 -93.9498 -89.8774 -70.7018 0.79041 3.47489 3.51324
143 2 -1.098 -94.1222 -91.6239 -70.0921 2.19224 -8.27897 -1.7923
144 1 2.196 -94.8485 -90.6033 -67.5171 -0.121534 -0.134858 -0.586117
145 2 -1.098 -95.8063 -89.4086 -70.5092 -3.86613 0.624341 6.13985
146 2 -1.098 -96.406 -89.5596 -67.6563 -0.110462 -0.33846 1.34775
147 2 -1.098 -93.8091 -92.1975 -67.5518 -0.919206 -3.27754 7.56529
148 1 2.196 -97.3107 -92.9636 -66.3424 -3.82809 4.9734 -1.62421
149 1 2.196 -95.1607 -90.6427 -64.4861 -0.263094 3.36322 0.565322
150 2 -1.098 -95.9593 -91.7365 -66.0558 1.56728 -2.87582 -0.453398
151 2 -1.098 -98.6515 -94.2865 -66.0027 1.6231 -1.29972 6.34211
152 2 -1.098 -96.6123 -89.3542 -64.5519 0.901522 -0.649968 4.40002
153 2 -1.098 -93.7514 -92.0626 -64.4926 0.949863 4.85803 -2.60422
154 1 2.196 -97.4894 -92.891 -63.0459 -0.289788 -0.534554 4.91152
155 1 2.196 -95.0898 -90.5797 -61.407 -0.550961 -1.57942 0.616439
156 2 -1.098 -96.0619 -91.5109 -63.0286 2.51591 -4.73307 1.65784
157 2 -1.098 -98.6112 -94.444 -63.0031 -3.66785 3.44135 0.392474
158 2 -1.098 -96.6251 -89.3898 -61.5212 -2.50163 -1.78516 0.165517
159 2 -1.098 -93.7655 -92.0113 -61.4158 2.36226 -0.808232 -5.18192
160 1 2.196 -97.4059 -92.9168 -60.0229 1.56962 2.15012 -0.490608
161 1 2.196 -95.2198 -90.6169 -58.4306 0.699707 -0.274664 0.0157337
162 2 -1.098 -96.0918 -91.5478 -59.9729 -3.1944 -5.94973 6.06553
163 2 -1.098 -98.8488 -94.1449 -60.0517 8.36549 -3.00705 1.57634
164 2 -1.098 -96.5862 -89.3444 -58.4853 2.19957 -4.36608 -11.649
165 2 -1.098 -93.8244 -91.9832 -58.4383 -1.00724 1.22666 0.113957
166 1 2.196 -97.4194 -92.9227 -57.0181 2.01941 -2.062 1.39767
167 1 2.196 -95.1805 -90.6595 -55.4098 1.53119 2.5879 1.84712
168 2 -1.098 -96.1531 -91.6188 -56.8619 -2.77793 0.275717 -4.95235
169 2 -1.098 -98.799 -94.2719 -56.7792 -7.47926 7.03467 -1.92125
170 2 -1.098 -96.4677 -89.2835 -55.5087 1.29875 -5.13051 0.785432
171 2 -1.098 -93.8604 -92.0038 -55.5165 -0.523287 -3.00235 10.3309
172 1 2.196 -97.5511 -93.0124 -54.0358 0.363149 -3.09066 -2.88102
173 1 2.196 -95.2363 -90.775 -52.4547 -0.000582525 -2.63599 -0.559465
174 2 -1.098 -96.1242 -91.5809 -53.9367 -3.51054 -2.91902 -0.230829
175 2 -1.098 -98.9858 -94.3007 -53.9649 4.54331 -2.27474 -6.86831
176 2 -1.098 -96.485 -89.3853 -52.6117 4.32694 -1.11727 6.12177
177 2 -1.098 -93.8612 -92.08 -52.4652 0.462527 -3.30576 -1.38879
178 1 2.196 -97.5705 -93.0829 -50.9885 0.212515 -1.21009 -0.344659
179 1 2.196 -95.2875 -90.6501 -49.4335 -2.56344 -0.993597 -2.05789
180 2 -1.098 -96.3097 -91.5956 -50.8656 4.20742 3.79184 -2.71497
181 2 -1.098 -98.7827 -94.5148 -50.9766 -0.364572 -6.29453 -6.14628
182 2 -1.098 -96.7509 -89.4575 -49.4435 2.54205 -3.56627 -5.82021
183 2 -1.098 -93.9786 -92.104 -49.5021 2.39847 2.0217 1.33419
184 1 2.196 -97.1405 -92.996 -48.0032 -4.15671 -0.218729 2.24083
185 1 2.196 -95.3293 -90.4038 -46.4274 1.91469 0.902734 0.224032
186 2 -1.098 -96.2898 -91.3755 -47.8362 -1.69597 12.8842 5.63691
187 2 -1.098 -96.4779 -88.6456 -46.5156 -3.42963 0.632724 2.01615
188 2 -1.098 -94.2201 -91.9371 -46.5269 0.589858 0.444322 -6.86298
189 2 -1.098 -93.3455 -87.9581 -70.6998 2.96823 -0.116766 1.02534
190 1 2.196 -96.8886 -88.5047 -69.2457 -2.75212 -0.846794 -0.457744
191 1 2.196 -95.2755 -85.8539 -67.4916 -2.65555 -3.35516 -1.92637
192 2 -1.098 -95.6055 -87.2609 -68.7909 -0.386374 0.191017 -2.10829
193 2 -1.098 -96.2902 -84.1957 -67.3612 -4.93879 3.45808 -4.65343
194 2 -1.098 -93.7247 -87.3106 -67.1915 5.60409 1.17187 -2.38058
195 1 2.196 -97.5353 -88.3997 -66.179 -3.79503 -1.83921 1.2874
196 1 2.196 -95.1307 -86.1912 -64.4649 -4.70725 -4.93034 -2.18617
197 2 -1.098 -96.1743 -86.9198 -66.0744 3.56042 -0.848242 2.18687
198 2 -1.098 -98.9763 -89.4323 -65.7217 -4.88973 6.44751 4.10311
199 2 -1.098 -96.57 -84.8965 -64.4967 3.79415 -3.7023 -0.394672
200 2 -1.098 -93.8185 -87.5551 -64.4679 -3.76971 3.50356 -1.55869
201 1 2.196 -97.4397 -88.4057 -63.006 0.482622 1.36038 -1.93046
202 1 2.196 -95.1386 -86.1969 -61.4792 -1.65252 0.464956 -1.33758
203 2 -1.098 -95.9968 -87.0599 -62.9679 -5.6476 -1.72977 4.05981
204 2 -1.098 -99.0687 -89.5966 -62.8747 9.73544 1.53229 -0.367483
205 2 -1.098 -96.4929 -84.8485 -61.4677 -0.47448 4.05917 3.90671
206 2 -1.098 -93.6971 -87.526 -61.4912 5.90151 0.405186 -0.738843
207 1 2.196 -97.5149 -88.4184 -59.9651 2.04156 1.55241 2.42801
208 1 2.196 -95.1996 -86.2505 -58.5019 -4.99028 2.52679 -2.21473
209 2 -1.098 -95.994 -87.1293 -60.0157 -5.65197 2.85925 9.82998
210 2 -1.098 -98.9427 -89.8031 -59.9434 -3.699 0.00595097 5.26379
211 2 -1.098 -96.5236 -84.895 -58.4952 -2.44793 1.73561 0.153849
212 2 -1.098 -93.8311 -87.6138 -58.4269 -4.12491 2.14132 -1.00487
213 1 2.196 -97.5555 -88.4478 -56.938 1.9808 1.95385 0.36659
214 1 2.196 -95.1509 -86.1063 -55.4461 0.943532 -2.43276 0.607427
215 2 -1.098 -96.1313 -86.9541 -56.9964 -6.09235 2.20667 0.90063
216 2 -1.098 -98.8022 -89.9361 -56.9429 2.96709 -0.899142 -1.68232
217 2 -1.098 -96.6228 -84.8437 -55.3071 0.985702 -6.14203 -3.52151
218 2 -1.098 -93.7882 -87.4729 -55.4946 4.94079 -4.23479 2.15721
219 1 2.196 -97.4593 -88.4609 -54.0159 2.34915 1.4838 -2.17403
220 1 2.196 -95.2411 -86.1433 -52.5079 4.08866 -0.426357 -0.12374
221 2 -1.098 -96.0317 -87.127 -53.9746 3.75653 2.8719 -3.00266
222 2 -1.098 -98.8613 -89.9253 -53.9602 -5.72111 -2.84966 1.81182
223 2 -1.098 -96.6396 -84.8035 -52.3659 -2.07177 -2.02395 -3.41991
224 2 -1.098 -93.8641 -87.5467 -52.421 2.40089 -2.14484 -0.688701
225 1 2.196 -97.3599 -88.6225 -51.094 1.45473 -1.14334 -2.0913
226 1 2.196 -95.2079 -86.3056 -49.6773 2.4255 -4.66909 0.182151
227 2 -1.098 -96.0697 -87.1933 -51.1348 -4.70684 0.225701 3.08815
228 2 -1.098 -98.71 -90.0467 -51.0829 8.17906 -7.53548 0.732293
229 2 -1.098 -96.4429 -84.7708 -49.4763 -2.86416 -4.8972 -2.36553
230 2 -1.098 -93.8908 -87.6931 -49.4486 0.649104 -2.95942 -0.441102
231 1 2.196 -97.7124 -88.3842 -48.1396 -2.6858 -0.564098 1.68115
232 1 2.196 -95.4677 -86.878 -46.6806 -0.414426 1.33339 1.14195
233 2 -1.098 -96.2595 -87.1676 -48.4142 -4.44224 1.89594 -0.596656
234 2 -1.098 -98.8127 -89.9812 -48.0914 -8.30429 -0.628857 -1.97261
235 2 -1.098 -93.8802 -87.7439 -46.2084 -1.75271 1.6133 -1.43415
236 1 2.196 -95.3067 -82.3734 -67.4143 1.55639 -1.25881 3.75879
237 2 -1.098 -93.6697 -83.2409 -67.3662 1.317 -1.20127 -0.187896
238 1 2.196 -97.5008 -83.877 -65.9213 -2.94728 -2.71109 0.734714
239 1 2.196 -95.0255 -81.7306 -64.3749 -1.2391 -1.44668 2.39673
240 2 -1.098 -96.2844 -82.3764 -65.7132 1.14648 6.07678 2.08788
241 2 -1.098 -98.9237 -85.0135 -66.0923 0.774516 0.0946375 -1.35521
242 2 -1.098 -95.2119 -81.7975 -69.0882 4.43857 0.964283 -4.36744
243 2 -1.098 -93.7686 -83.1619 -64.4311 7.22417 -1.76461 2.95211
244 1 2.196 -97.3245 -83.9698 -62.93 -2.24549 -0.615394 -2.13325
245 1 2.196 -95.0756 -81.8069 -61.4497 0.151282 -2.52419 -2.17228
246 2 -1.098 -95.8551 -82.7186 -62.9922 1.72291 -2.2689 0.583965
247 2 -1.098 -98.5791 -85.4469 -63.0706 8.82786 3.2106 1.72843
248 2 -1.098 -96.6319 -80.6744 -61.6628 0.818367 8.21718 5.32674
249 2 -1.098 -93.7534 -83.1078 -61.4223 -5.63264 4.03816 2.80683
250 1 2.196 -97.4639 -84.0032 -59.9996 0.387867 -0.587177 -0.41154
251 1 2.196 -95.2699 -81.905 -58.4189 -3.12121 4.99151 -3.94349
252 2 -1.098 -96.1574 -82.6753 -60.0022 -1.89221 -0.00473453 0.134969
253 2 -1.098 -98.8432 -85.3709 -59.938 4.51259 -2.31964 -4.54286
254 2 -1.098 -96.4066 -80.2686 -58.4898 -3.84548 8.42492 0.102304
255 2 -1.098 -93.929 -83.2353 -58.3632 0.688362 2.93027 -2.79503
256 1 2.196 -97.4706 -84.1062 -56.9474 3.12889 2.14429 -1.31662
257 1 2.196 -95.342 -81.7959 -55.5132 -0.43741 2.69701 -3.67996
258 2 -1.098 -96.2462 -82.6794 -56.9576 -5.62374 6.3305 -2.10795
259 2 -1.098 -98.9322 -85.3723 -56.8957 1.49769 1.35652 -0.13365
260 2 -1.098 -96.7058 -80.5181 -55.6674 2.43597 -7.77556 -2.15714
261 2 -1.098 -93.9445 -83.1117 -55.5238 -2.46713 1.7287 4.79813
262 1 2.196 -97.6463 -83.8062 -53.8081 -0.733888 -3.17168 1.45218
263 1 2.196 -95.3194 -81.5869 -52.5484 0.753284 -0.60857 -0.978518
264 2 -1.098 -96.186 -82.6108 -53.9301 -0.159045 -0.133899 0.0910277
265 2 -1.098 -98.9115 -85.349 -53.7894 -1.21202 6.5213 -0.518188
266 2 -1.098 -96.622 -80.1692 -52.8186 -4.7279 -5.54578 1.12174
267 2 -1.098 -93.8097 -83.0149 -52.3662 -3.63016 2.76769 3.12508
268 1 2.196 -97.3919 -83.6913 -50.8052 -2.06993 2.15493 -0.574089
269 1 2.196 -95.4932 -82.0943 -49.0366 -3.61662 -0.940889 0.925058
270 2 -1.098 -95.9511 -82.4322 -50.932 -4.49473 2.63144 -7.50455
271 2 -1.098 -98.6815 -85.1418 -50.6771 1.35738 -2.90989 -6.4438
272 2 -1.098 -95.3087 -83.4041 -47.6334 -2.52569 3.38902 -1.19901
273 1 2.196 -97.1346 -84.1687 -47.7398 -1.76595 -1.21756 -1.59971
274 2 -1.098 -97.3267 -82.5981 -48.8601 -4.01675 4.20191 2.97572
275 2 -1.098 -96.5875 -85.3933 -46.4775 1.21671 7.01291 1.22446
276 2 -1.098 -93.9852 -78.8755 -64.532 -4.95259 -1.22664 -1.45602
277 2 -1.098 -99.4511 -80.8935 -62.2231 1.60312 8.24494 -4.08204
278 2 -1.098 -94.3162 -78.774 -60.9465 -2.16509 -2.23339 0.357118
279 1 2.196 -98.1803 -79.7663 -61.3121 0.449947 0.93328 -1.23131
280 1 2.196 -95.7003 -78.5279 -59.497 -2.66226 -2.8601 -0.966994
281 2 -1.098 -97.1522 -78.3032 -60.7222 0.722978 2.8588 -1.66746
282 2 -1.098 -98.8183 -80.2158 -59.6543 1.86788 6.82257 2.05369
283 2 -1.098 -94.0587 -78.7869 -58.4616 0.252708 5.51956 0.153895
284 1 2.196 -97.5243 -79.37 -57.1236 2.89202 5.46211 -3.99751
285 2 -1.098 -96.7545 -77.9935 -58.0778 -3.64465 2.98946 -2.21602
286 2 -1.098 -99.0308 -80.6411 -57.0049 -1.46201 -2.71855 3.07588
287 2 -1.098 -93.9851 -78.7227 -55.2602 3.97732 2.51568 0.054614
288 1 2.196 -97.6893 -79.7175 -54.1611 0.410677 0.612668 -0.370686
289 2 -1.098 -97.9509 -78.4963 -55.5115 -5.34669 -8.04246 -6.24785
290 2 -1.098 -99.2852 -80.7305 -54.1992 -5.07307 2.74342 -2.5923
291 2 -1.098 -94.1639 -80.1195 -51.884 -3.223 -0.550565 -8.79311
292 2 -1.098 -92.2706 -102.966 -58.514 5.57656 -7.074 1.3276
293 2 -1.098 -92.3965 -102.984 -55.4231 -0.655391 -5.74334 -4.49574
294 2 -1.098 -91.9668 -99.4683 -66.7035 -3.4644 -0.215288 2.8607
295 1 2.196 -91.1644 -100.029 -65.0881 4.50228 1.86453 -3.01105
296 2 -1.098 -92.3665 -98.5453 -64.4481 5.71797 -0.374491 1.92511
297 2 -1.098 -89.6304 -101.291 -64.9177 4.9059 -0.148583 -1.7241
298 1 2.196 -90.8102 -99.6711 -61.528 1.75733 -2.76204 -0.065917
299 2 -1.098 -91.0201 -100.524 -63.2075 1.89929 1.81271 9.66972
300 2 -1.098 -92.1906 -98.3522 -61.4757 -3.01532 4.26226 2.51807
301 2 -1.098 -89.1978 -101.301 -61.5193 -3.37426 -1.86542 2.41854
302 1 2.196 -93.133 -101.916 -59.8272 0.507296 -2.47154 0.905135
303 1 2.196 -90.724 -99.7135 -58.5344 2.45511 0.0383398 0.549344
304 2 -1.098 -91.5479 -100.753 -60.0991 0.100387 0.948416 -3.16823
305 2 -1.098 -92.1538 -98.3915 -58.5647 0.706935 -1.93368 3.02955
306 2 -1.098 -89.3434 -100.975 -58.4863 0.0501579 3.09034 4.18623
307 1 2.196 -92.8507 -102.075 -56.925 6.20598 -0.0444088 3.53556
308 1 2.196 -90.6673 -99.6451 -55.5013 2.3545 -0.522241 -2.47706
309 2 -1.098 -91.6733 -100.647 -57.1207 2.84958 2.33406 -5.69599
310 2 -1.098 -92.0022 -98.2964 -55.6102 5.12688 6.87094 1.30499
311 2 -1.098 -89.4114 -101.129 -55.5722 -5.53808 -0.13083 -2.26745
312 1 2.196 -92.968 -101.764 -54.0295 -0.0711528 1.14572 -0.9373
313 1 2.196 -90.6274 -99.8615 -52.44 0.511011 2.15963 0.184182
314 2 -1.098 -91.6342 -100.451 -54.0289 -1.10256 -3.77219 -12.4168
315 2 -1.098 -92.0682 -98.4258 -52.4392 -4.01728 2.03138 2.38393
316 2 -1.098 -89.4031 -101.228 -52.7329 7.80685 3.49665 1.5511
317 1 2.196 -90.6598 -99.4677 -49.4752 -0.404664 -3.66278 4.00616
318 2 -1.098 -91.3413 -100.624 -50.8787 -0.561592 0.0658882 3.07562
319 2 -1.098 -92.2092 -98.4415 -49.1269 0.0434235 -1.42718 4.67017
320 1 2.196 -90.1418 -94.6859 -70.5768 1.09939 1.39597 3.81217
321 2 -1.098 -91.7243 -93.7091 -70.4245 -0.870695 2.42655 3.14077
322 1 2.196 -90.7721 -95.0824 -67.2542 1.404 -0.785651 1.26981
323 2 -1.098 -89.9038 -96.5233 -70.2472 4.8985 4.73737 -9.17497
324 2 -1.098 -92.2604 -94.01 -67.3804 6.24281 -1.41975 0.217111
325 2 -1.098 -89.7423 -96.5817 -67.479 1.70161 -3.64636 3.36857
326 1 2.196 -92.8331 -97.8982 -66.2993 -0.00210465 -3.25799 -1.50782
327 1 2.196 -90.7445 -95.2023 -64.3794 -3.96204 1.82138 1.63263
328 2 -1.098 -91.634 -96.2315 -65.9359 -3.47354 -0.564546 -0.906093
329 2 -1.098 -94.4913 -98.6993 -66.0387 -4.01422 1.28344 -0.291667
330 2 -1.098 -92.1587 -93.8933 -64.4307 -7.37005 -3.75605 2.6962
331 2 -1.098 -89.3261 -96.4786 -64.4261 -1.45252 -7.1226 -4.7852
332 1 2.196 -93.0319 -97.5658 -62.9778 -2.51689 -1.75095 4.50457
333 1 2.196 -90.724 -95.2411 -61.3783 3.16431 -2.16187 4.31867
334 2 -1.098 -91.5675 -96.1823 -62.8786 -5.08671 -1.40825 5.0246
335 2 -1.098 -94.5992 -98.8522 -62.8856 7.66686 -0.0942768 2.16848
336 2 -1.098 -92.138 -93.8557 -61.4095 1.64619 -7.24357 4.72856
337 2 -1.098 -89.2936 -96.5363 -61.31 6.71725 -1.85213 -2.93738
338 1 2.196 -93.0616 -97.3888 -59.9347 -1.43132 1.21411 1.21319
339 1 2.196 -90.7289 -95.1799 -58.4073 -4.53345 2.95863 -2.93796
340 2 -1.098 -91.6542 -96.0796 -59.8546 1.99853 1.49961 3.88767
341 2 -1.098 -94.3556 -98.8635 -59.8765 2.94115 -8.31174 -1.24121
342 2 -1.098 -92.1211 -93.7663 -58.4023 -0.253392 4.73022 2.99855
343 2 -1.098 -89.2984 -96.5492 -58.4773 0.803448 5.38904 0.5467
344 1 2.196 -93.0299 -97.4904 -56.9984 -1.47956 0.689793 0.635199
345 1 2.196 -90.8213 -95.2735 -55.4834 -1.12568 0.57063 1.11543
346 2 -1.098 -91.6561 -96.1456 -56.9942 1.63537 0.860942 0.276782
347 2 -1.098 -94.3331 -98.8568 -56.8517 4.42827 -4.23405 3.10541
348 2 -1.098 -92.1317 -93.8139 -55.3946 1.32697 -3.15641 -1.99477
349 2 -1.098 -89.4288 -96.6447 -55.5479 -3.06369 -7.27855 -10.2649
350 1 2.196 -92.9063 -97.5124 -53.9645 -2.82065 1.48003 -2.78165
351 1 2.196 -90.7376 -95.2742 -52.4637 -3.3131 -1.94724 2.69965
352 2 -1.098 -91.5755 -96.1695 -53.9829 2.40926 -3.72107 -4.21106
353 2 -1.098 -94.3456 -98.8061 -53.9637 1.58669 -3.90457 -2.66259
354 2 -1.098 -92.0939 -93.9047 -52.4405 7.66791 -0.52373 1.89077
355 2 -1.098 -89.3247 -96.4899 -52.5182 1.74378 -5.0186 -1.43625
356 1 2.196 -93.0668 -97.5434 -50.985 1.82561 -0.537972 -2.61432
357 1 2.196 -90.7028 -95.1137 -49.3048 -3.63842 1.28771 -4.48227
358 2 -1.098 -91.6719 -96.16 -50.9501 7.2999 5.33056 12.6198
359 2 -1.098 -94.5197 -98.7353 -51.0923 3.33717 2.0692 -2.81645
360 2 -1.098 -92.1406 -93.8832 -49.2438 -7.52357 -3.04219 2.77086
361 2 -1.098 -89.3433 -96.5093 -49.4112 -0.134209 -4.00197 -3.93018
362 1 2.196 -93.0718 -97.2584 -47.9277 -2.40298 -4.41921 -2.98708
363 1 2.196 -90.3946 -94.9706 -46.2383 -2.83916 2.87082 -0.997955
364 2 -1.098 -91.6193 -96.1302 -47.8303 -7.32271 -0.152971 4.78536
365 2 -1.098 -92.0086 -93.9655 -46.4531 2.87022 -1.60104 -4.39279
366 2 -1.098 -89.3222 -96.4584 -46.4095 6.69529 1.33895 -2.67968
367 1 2.196 -90.6333 -90.991 -70.3097 3.14793 -1.30394 -6.31485
368 2 -1.098 -92.1223 -90.2681 -71.1306 -3.46141 -1.00094 0.100101
369 2 -1.098 -89.2945 -92.2195 -70.4414 -4.2561 -1.37886 1.00306
370 1 2.196 -93.0746 -93.0075 -69.2463 5.31409 -1.0396 3.17742
371 1 2.196 -90.756 -90.8152 -67.4256 -0.424542 1.14639 0.63139
372 2 -1.098 -91.63 -91.6967 -68.8807 4.35792 -0.295798 -0.339454
373 2 -1.098 -94.1953 -94.4463 -69.1201 0.477439 -3.41602 0.502187
374 2 -1.098 -91.9413 -89.4783 -67.097 -1.9371 -0.706082 0.154676
375 2 -1.098 -89.2311 -92.0624 -67.5779 -4.33031 -3.78845 -0.0136256
376 1 2.196 -92.9957 -93.031 -65.9617 -1.19332 -0.627752 1.1566
377 1 2.196 -90.6696 -90.7085 -64.402 -4.80765 1.80911 3.76426
378 2 -1.098 -91.4914 -91.7647 -65.8711 2.51326 -1.17226 -1.56086
379 2 -1.098 -94.3973 -94.4512 -65.9023 -6.39886 -1.95774 -1.02984
380 2 -1.098 -92.0148 -89.3092 -64.3492 -7.01756 -3.14345 -5.15798
381 2 -1.098 -89.2727 -92.078 -64.4282 4.91654 1.20097 -2.04265
382 1 2.196 -92.9632 -92.9147 -62.9231 -0.638225 0.0811786 -0.347401
383 1 2.196 -90.7396 -90.6783 -61.3855 -2.50797 -0.323159 -0.728483
384 2 -1.098 -91.5727 -91.6438 -62.8967 -1.04339 -0.0519057 -1.17056
385 2 -1.098 -94.3585 -94.2684 -62.9227 4.57781 4.80589 -1.39209
386 2 -1.098 -92.0428 -89.2748 -61.3742 0.219917 3.76788 3.98208
387 2 -1.098 -89.3443 -92.1117 -61.4085 2.792 -2.87526 -4.20238
388 1 2.196 -92.9519 -92.8679 -59.9245 -2.73805 -1.95169 2.64739
389 1 2.196 -90.6492 -90.6516 -58.3445 0.575223 -3.39056 -0.174343
390 2 -1.098 -91.5823 -91.4746 -59.8934 1.62919 2.02208 -6.94786
391 2 -1.098 -94.4105 -94.2614 -59.9012 1.38373 -5.12781 0.387401
392 2 -1.098 -92.0152 -89.288 -58.3706 -0.360496 2.17429 8.96317
393 2 -1.098 -89.2752 -91.9307 -58.4474 -5.7433 -3.6811 -2.60332
394 1 2.196 -92.9977 -92.8803 -56.9793 1.31657 -1.85575 0.191515
395 1 2.196 -90.689 -90.6057 -55.3682 -0.429843 -5.35799 -3.34752
396 2 -1.098 -91.5673 -91.5811 -56.9267 0.50577 -3.9078 -5.86634
397 2 -1.098 -94.3479 -94.2513 -56.9284 -4.3442 2.82915 -1.41265
398 2 -1.098 -91.9994 -89.2397 -55.4014 2.19167 -3.06981 -2.76884
399 2 -1.098 -89.3492 -91.9988 -55.4667 -1.52207 -6.60967 6.58935
400 1 2.196 -92.9639 -92.855 -53.9807 -2.07011 1.01903 -2.04047
401 1 2.196 -90.689 -90.6301 -52.4552 -2.21181 -2.44612 1.01473
402 2 -1.098 -91.6453 -91.5682 -53.9211 0.740102 3.25146 3.19527
403 2 -1.098 -94.2894 -94.2246 -54.003 2.54892 6.41366 -5.32171
404 2 -1.098 -92.1088 -89.3377 -52.5409 7.02915 4.52419 -2.10614
405 2 -1.098 -89.4625 -92.1154 -52.4792 2.98328 -4.10766 1.06999
406 1 2.196 -92.9528 -92.9747 -50.9033 4.1805 5.2481 3.58503
407 1 2.196 -90.639 -90.6917 -49.3796 1.57572 -0.777309 -1.01882
408 2 -1.098 -91.6299 -91.5722 -50.9369 -5.03977 0.0396035 -1.72935
409 2 -1.098 -94.3082 -94.3031 -50.9507 3.50453 -1.90125 2.12711
410 2 -1.098 -92.0036 -89.3461 -49.3504 0.595338 3.16082 -1.90546
411 2 -1.098 -89.3667 -92.1307 -49.369 -6.48578 -2.60142 5.87312
412 1 2.196 -93.049 -92.9655 -47.744 1.21492 -0.245669 2.82857
413 1 2.196 -89.5121 -88.3735 -44.778 0.180525 0.934958 -1.5061
414 2 -1.098 -91.6854 -91.6133 -47.9053 0.227082 -8.24242 1.77799
415 2 -1.098 -94.5135 -94.4373 -47.8505 -3.57316 3.91168 7.11391
416 2 -1.098 -92.1273 -89.5173 -46.4224 7.34237 1.46812 -9.84224
417 2 -1.098 -89.332 -92.0829 -46.5469 -2.45346 3.39655 -2.49327
418 1 2.196 -90.6578 -90.7442 -46.5259 2.47428 0.352054 -4.04923
419 2 -1.098 -90.194 -90.0902 -44.7909 -0.0873324 -0.246797 -1.04558
420 1 2.196 -90.6856 -86.3466 -70.2611 1.32872 0.0902568 -0.387532
421 2 -1.098 -91.8974 -84.9958 -70.291 4.28494 9.64054 5.38581
422 2 -1.098 -89.3236 -87.5593 -70.2925 5.47036 4.814 1.8694
423 1 2.196 -93.6013 -87.5493 -68.9621 1.51071 1.05557 -1.62268
424 1 2.196 -90.5807 -86.2328 -67.3419 0.61027 2.95146 1.52541
425 2 -1.098 -91.568 -87.0852 -68.7286 -11.5087 2.27321 -11.0617
426 2 -1.098 -94.0619 -89.4058 -68.7854 -2.8679 4.98915 1.67628
427 2 -1.098 -91.8227 -84.8223 -67.3236 6.94666 -1.05473 0.230759
428 2 -1.098 -89.1032 -87.4825 -67.4258 1.48618 -2.4804 -5.35918
429 1 2.196 -92.825 -88.4154 -65.9214 -3.41226 3.22401 1.50525
430 1 2.196 -90.5173 -86.2277 -64.3762 -3.11184 1.43857 -0.909461
431 2 -1.098 -91.4147 -87.1124 -65.8557 -6.13525 -4.77568 -3.70399
432 2 -1.098 -94.2035 -89.7924 -65.9337 1.4699 4.83607 -3.175
433 2 -1.098 -91.868 -84.8525 -64.3589 -2.28339 1.26945 2.30088
434 2 -1.098 -89.1981 -87.6465 -64.3785 -1.36703 3.11387 1.24531
435 1 2.196 -92.8556 -88.3626 -62.9627 1.91711 -5.3907 -1.32487
436 1 2.196 -90.5652 -86.2077 -61.3494 2.1574 0.898927 1.75079
437 2 -1.098 -91.4287 -87.0901 -62.921 -0.593199 -1.14529 6.45288
438 2 -1.098 -94.215 -89.7208 -62.9784 3.50655 -5.7703 3.79613
439 2 -1.098 -91.9231 -84.7919 -61.4743 1.05711 6.35811 5.2072
440 2 -1.098 -89.1691 -87.5823 -61.3643 0.402691 3.08147 -3.43012
441 1 2.196 -92.8945 -88.3057 -59.8677 1.36175 2.916 0.945617
442 1 2.196 -90.6363 -86.1736 -58.3409 4.01556 1.04849 1.66136
443 2 -1.098 -91.5332 -86.9671 -59.8375 -4.0502 3.34737 -2.12402
444 2 -1.098 -94.2936 -89.713 -59.9205 -2.76765 1.23638 2.93297
445 2 -1.098 -91.995 -84.8281 -58.3922 -2.37181 4.7001 1.26134
446 2 -1.098 -89.1706 -87.4928 -58.3287 -0.68353 5.98038 -1.03767
447 1 2.196 -92.8617 -88.4026 -56.8754 -0.804671 4.11751 -0.591518
448 1 2.196 -90.6493 -86.1958 -55.3156 -0.526617 -0.806654 3.34145
449 2 -1.098 -91.4731 -87.0689 -56.8258 -4.06874 2.98932 -3.13941
450 2 -1.098 -94.2899 -89.7818 -56.8713 1.45863 0.187287 -2.03492
451 2 -1.098 -92.0465 -84.7795 -55.3327 -4.45098 -3.66771 -0.325541
452 2 -1.098 -89.2171 -87.452 -55.3718 -1.83904 -0.536933 2.17297
453 1 2.196 -93.0185 -88.3972 -53.8995 2.66232 -2.6739 -1.06911
454 1 2.196 -90.6641 -86.105 -52.357 -2.18851 0.522976 0.537702
455 2 -1.098 -91.5883 -87.0678 -53.8541 1.58249 -2.44562 1.6553
456 2 -1.098 -94.1846 -89.8461 -53.9493 1.31563 -2.03999 -8.68075
457 2 -1.098 -92.0632 -84.7953 -52.324 2.5205 -1.12579 -4.43485
458 2 -1.098 -89.3022 -87.4778 -52.3806 0.647283 3.2605 0.79373
459 1 2.196 -92.9336 -88.5075 -50.9384 -0.645292 0.157041 0.019483
460 1 2.196 -90.8871 -86.1304 -49.3543 1.53 2.19722 -0.113647
461 2 -1.098 -91.7453 -87.0801 -50.8767 -0.268789 0.946607 -1.8522
462 2 -1.098 -94.3661 -89.904 -50.9387 7.15873 9.58194 3.14852
463 2 -1.098 -92.2974 -84.8617 -49.2585 -0.529942 3.85229 -5.02941
464 2 -1.098 -89.4992 -87.4875 -49.3906 -1.31613 2.90943 -1.93399
465 1 2.196 -92.9214 -88.4795 -47.9699 1.00109 1.02553 -2.8559
466 1 2.196 -90.9126 -85.9986 -46.3378 -0.992159 -1.62056 -1.46065
467 2 -1.098 -91.7224 -87.0795 -47.8201 0.97092 4.49874 4.02946
468 2 -1.098 -94.4167 -89.7022 -47.9577 6.69214 0.148694 -2.11564
469 2 -1.098 -92.4666 -84.9593 -46.3002 -10.7565 -0.793996 2.368
470 2 -1.098 -89.5925 -87.5294 -46.5295 9.16408 -0.735504 -6.42572
471 1 2.196 -92.9259 -88.6624 -44.8577 1.70296 1.41361 -1.56734
472 2 -1.098 -91.3445 -87.7331 -44.6425 -1.10271 4.16492 3.27769
473 2 -1.098 -94.3794 -89.8131 -44.8473 -3.50722 0.499319 3.16454
474 1 2.196 -92.6945 -84.0684 -68.9262 1.18507 3.52743 -3.32487
475 1 2.196 -90.7479 -81.691 -67.4168 1.51355 -0.0779722 0.764004
476 2 -1.098 -91.5471 -82.5366 -68.8455 4.87271 -0.122937 2.17974
477 2 -1.098 -93.9825 -85.4058 -68.8789 -0.53139 -5.00486 -0.348769
478 2 -1.098 -91.8383 -80.2219 -67.2002 2.45564 -0.885712 3.22038
479 2 -1.098 -89.165 -82.9995 -67.5971 -2.35859 3.28132 2.75889
480 1 2.196 -92.8618 -84.1143 -65.9023 -4.21931 7.19193 3.04372
481 1 2.196 -90.6657 -81.5788 -64.436 -3.00849 2.00948 -0.22768
482 2 -1.098 -91.4941 -82.5546 -65.9063 -7.31484 1.34305 -1.71713
483 2 -1.098 -94.2522 -85.2176 -65.8922 -2.9388 3.43839 1.42829
484 2 -1.098 -92.0701 -80.2656 -64.4378 1.22617 -1.02553 -2.74007
485 2 -1.098 -89.3095 -83.0657 -64.4066 2.91559 -4.558 1.78342
486 1 2.196 -92.8023 -83.9861 -62.9528 -1.66041 3.63573 -3.74887
487 1 2.196 -90.6364 -81.6437 -61.4267 -1.40584 0.925417 0.511239
488 2 -1.098 -91.5137 -82.5602 -63.0185 7.12701 4.63674 5.39705
489 2 -1.098 -94.2414 -85.2986 -62.982 0.765299 -2.93078 -4.92642
490 2 -1.098 -92.1474 -80.2521 -61.4735 1.20869 3.18327 5.07537
491 2 -1.098 -89.204 -82.9716 -61.4932 -2.25346 -2.88915 -0.532233
492 1 2.196 -92.9519 -83.9844 -59.8922 0.744335 2.87108 1.68865
493 1 2.196 -90.6319 -81.6575 -58.4146 2.77836 1.02777 -1.00004
494 2 -1.098 -91.578 -82.5676 -59.9143 -7.50871 0.731374 -8.45509
495 2 -1.098 -94.2536 -85.384 -60.0064 -0.362874 -0.63688 1.0782
496 2 -1.098 -92.1432 -80.4595 -58.2945 -3.7976 3.56975 -9.43074
497 2 -1.098 -89.3032 -82.9939 -58.3996 4.45034 -6.00204 3.78584
498 1 2.196 -92.8761 -83.939 -56.8833 2.39758 1.8869 -0.111192
499 1 2.196 -90.6037 -81.6024 -55.4296 -3.09039 2.88964 0.166904
500 2 -1.098 -91.577 -82.5371 -56.8579 1.4 -0.819043 -0.951345
501 2 -1.098 -94.3128 -85.3389 -57.0233 -3.47222 4.9759 0.938649
502 2 -1.098 -91.9018 -80.1266 -55.2396 -3.85247 0.993489 -4.39206
503 2 -1.098 -89.275 -82.9789 -55.3202 4.24975 1.86066 -1.74101
504 1 2.196 -92.9682 -83.8141 -53.8593 -0.352032 -1.21842 5.54163
505 1 2.196 -90.5662 -81.6228 -52.3853 3.51249 1.828 -0.229548
506 2 -1.098 -91.5632 -82.5668 -53.9046 -5.52674 6.83119 7.17918
507 2 -1.098 -94.2957 -85.2914 -53.9494 1.96269 5.23614 -3.72529
508 2 -1.098 -91.695 -80.0482 -52.4529 3.61327 -1.2366 -1.68387
509 2 -1.098 -89.287 -82.9908 -52.3039 7.8309 0.715978 -0.155972
510 1 2.196 -92.9669 -83.9592 -50.9184 -2.66417 0.368808 -2.61168
511 1 2.196 -90.7433 -81.57 -49.426 -0.149762 -0.827129 -1.847
512 2 -1.098 -91.4948 -82.6248 -50.8836 -0.578266 1.39141 -0.300112
513 2 -1.098 -94.3366 -85.3223 -51.0647 -4.06907 -0.8474 9.23295
514 2 -1.098 -92.252 -80.4483 -49.4724 1.52499 1.56941 -4.29911
515 2 -1.098 -89.4647 -83.0486 -49.2994 0.712047 2.31202 2.63677
516 1 2.196 -93.4211 -84.1193 -47.7177 2.23839 2.48969 -3.81574
517 1 2.196 -91.0238 -81.9641 -46.2908 -0.764202 -0.572399 -1.10497
518 2 -1.098 -92.5509 -82.6045 -47.1204 3.60388 0.551663 -0.246206
519 2 -1.098 -94.3366 -85.7826 -47.9965 2.73112 -5.56952 7.41346
520 2 -1.098 -90.449 -82.2214 -44.52 -1.67404 -9.17463 -2.7755
521 1 2.196 -93.083 -79.71 -65.9081 -5.15037 -1.8878 -0.865665
522 2 -1.098 -94.3493 -81.0159 -66.0664 0.230262 1.0264 -5.3651
523 2 -1.098 -88.9907 -78.6984 -64.5426 7.28614 -1.92879 -5.51559
524 1 2.196 -93.2739 -79.2116 -62.7181 -2.66052 0.509701 1.66958
525 1 2.196 -90.7424 -77.3501 -60.9939 -0.414093 2.85358 4.40377
526 2 -1.098 -92.0977 -77.8466 -62.1822 -5.01188 -2.8247 -2.61179
527 2 -1.098 -94.3489 -80.7541 -62.9362 -4.46125 -2.14701 1.32443
528 2 -1.098 -89.3448 -78.5138 -61.3384 0.538988 -0.297655 6.45239
529 1 2.196 -92.9121 -79.5981 -59.7806 -1.96894 1.14121 -2.24443
530 1 2.196 -90.711 -77.2875 -58.0435 3.35822 -1.0077 -2.43205
531 2 -1.098 -91.7114 -78.1797 -59.5979 -0.992395 -7.32245 -1.58917
532 2 -1.098 -94.205 -81.0152 -59.8488 4.98178 4.82858 3.25174
533 2 -1.098 -89.3114 -78.5533 -58.3269 5.00908 2.01629 -2.64425
534 1 2.196 -93.253 -79.3708 -56.8469 -3.23543 -4.12648 6.61496
535 1 2.196 -90.8542 -77.7162 -55.0121 0.677097 4.78762 -4.42845
536 2 -1.098 -91.8365 -78.1464 -56.8439 2.34747 4.54428 -0.64307
537 2 -1.098 -94.4152 -80.8995 -56.9937 2.65763 -1.95015 3.85628
538 2 -1.098 -89.3157 -78.6209 -55.5742 -1.86818 -0.270068 -3.37966
539 1 2.196 -93.1718 -79.5825 -53.7022 1.49262 2.53963 -0.889858
540 1 2.196 -91.1416 -78.2117 -51.9617 5.51445 4.4128 -1.08509
541 2 -1.098 -92.1456 -77.9747 -53.6694 3.89518 2.94311 4.50124
542 2 -1.098 -94.3427 -80.9987 -54.1612 -1.14295 -2.76183 5.0395
543 2 -1.098 -89.7952 -78.1903 -53.2662 -2.44943 -2.09404 -2.45114
544 1 2.196 -93.6363 -79.4905 -50.2263 -0.19408 0.0483248 -3.65625
545 2 -1.098 -92.6924 -78.1396 -50.9639 -0.188465 0.341549 -1.78422
546 2 -1.098 -93.8307 -83.0355 -49.5776 0.00534295 -1.10556 3.33759
547 2 -1.098 -89.7308 -78.3024 -50.7448 -5.58041 4.43381 -6.31114
548 2 -1.098 -94.9074 -80.3691 -49.1377 -4.80104 2.21804 -1.12493
549 2 -1.098 -87.693 -102.77 -58.642 -1.77316 0.297241 -0.723559
550 2 -1.098 -87.7684 -102.778 -55.5116 2.67867 -2.26957 -0.823237
551 2 -1.098 -88.1222 -98.3654 -67.5727 3.36309 -4.04771 1.71178
552 1 2.196 -85.7386 -98.6573 -64.7809 -2.24017 -4.14239 -0.14292
553 2 -1.098 -87.4775 -98.1609 -64.4679 -6.55499 2.36713 -2.63336
554 1 2.196 -88.8723 -100.695 -63.3146 1.94794 -2.58938 3.65184
555 1 2.196 -85.9448 -99.6194 -61.5954 3.51701 -1.50451 0.34535
556 2 -1.098 -87.0396 -100.3 -63.0602 2.23789 8.46668 -2.32063
557 2 -1.098 -87.2708 -98.1919 -61.5094 1.4222 3.249 -5.09352
558 2 -1.098 -84.4473 -100.774 -61.6166 1.35555 -4.88033 5.58349
559 1 2.196 -88.2361 -101.69 -59.9992 3.94352 -0.242204 3.70827
560 1 2.196 -85.8624 -99.6671 -58.4495 2.01561 0.345913 1.75627
561 2 -1.098 -86.7662 -100.454 -60.0332 -2.92433 0.783951 -1.46434
562 2 -1.098 -87.4371 -98.3499 -58.4813 -2.45838 0.128653 -3.25097
563 2 -1.098 -84.497 -100.95 -58.0519 -5.6812 -4.801 -1.13447
564 1 2.196 -88.2791 -101.892 -57.0631 2.59811 0.693445 -1.58558
565 1 2.196 -86.1126 -99.6011 -55.3261 0.0911303 -1.76828 -1.91536
566 2 -1.098 -87.0451 -100.493 -56.9142 -3.07192 -0.814097 4.29003
567 2 -1.098 -87.6113 -98.3362 -55.3851 1.8593 1.47153 9.50988
568 2 -1.098 -84.9316 -101.015 -55.3575 -1.96173 -3.23917 4.10199
569 1 2.196 -88.3352 -101.796 -54.0919 1.78184 2.04068 -1.05323
570 1 2.196 -86.2381 -99.641 -52.1955 2.66147 -1.17919 -2.8177
571 2 -1.098 -86.9844 -100.643 -53.6415 -0.61726 -2.5084 3.83928
572 2 -1.098 -87.5982 -98.2615 -52.4766 2.38289 -1.5888 -1.70273
573 2 -1.098 -86.7021 -100.651 -50.6146 7.31211 -5.52795 -5.6812
574 1 2.196 -86.2066 -99.4749 -49.1087 -1.13216 0.702872 -0.834223
575 2 -1.098 -87.5855 -98.2532 -49.642 -7.11304 -4.89007 -2.22702
576 2 -1.098 -87.0895 -98.952 -47.4057 4.28443 -3.81896 1.63934
577 2 -1.098 -88.3033 -94.3656 -70.6533 3.06273 -2.92707 1.62143
578 1 2.196 -88.6786 -97.1566 -68.9613 2.97414 -1.77324 -3.5688
579 1 2.196 -86.0933 -95.2484 -67.5312 1.95463 -0.0690226 1.25723
580 2 -1.098 -87.2349 -96.1182 -68.7699 -3.98086 -4.03709 0.112716
581 2 -1.098 -87.5654 -93.8665 -67.4084 -5.71284 1.9041 3.067
582 2 -1.098 -84.9398 -96.6715 -67.1218 -1.20968 1.89499 -7.14208
583 1 2.196 -88.6596 -97.4457 -65.9867 -3.99606 -6.33717 0.358984
584 1 2.196 -86.3811 -95.2297 -64.5179 1.71098 -3.12986 0.674722
585 2 -1.098 -87.3379 -96.0919 -66.0083 0.989552 3.62941 -5.86615
586 2 -1.098 -89.7827 -98.7964 -65.3533 7.00279 -3.37316 1.56575
587 2 -1.098 -87.5631 -93.7752 -64.3813 1.27399 -6.79652 -8.38994
588 2 -1.098 -85.2382 -96.7225 -64.3868 -1.04328 -0.762767 2.79093
589 1 2.196 -88.5527 -97.3486 -62.9545 -3.11024 5.82479 -1.30686
590 1 2.196 -86.1969 -95.1312 -61.4836 4.65748 2.36017 -3.68328
591 2 -1.098 -87.2627 -95.9666 -62.8996 0.843125 -0.738868 -4.04527
592 2 -1.098 -89.3962 -98.9662 -62.6338 9.26755 -1.37283 -0.1929
593 2 -1.098 -87.5729 -93.8022 -61.4683 0.992088 1.79083 -3.30949
594 2 -1.098 -84.8277 -96.4648 -61.4564 -2.18927 -0.653274 1.18206
595 1 2.196 -88.3253 -97.4757 -59.9343 -4.71382 0.880974 2.37804
596 1 2.196 -86.1925 -95.112 -58.4031 -3.67061 -2.11535 1.17419
597 2 -1.098 -87.0008 -96.0737 -59.9725 -2.13846 1.23418 5.30085
598 2 -1.098 -89.8154 -98.9114 -60.0736 1.35271 -2.23247 2.59591
599 2 -1.098 -87.701 -93.8768 -58.3369 2.33609 1.92882 1.81943
600 2 -1.098 -84.8194 -96.4965 -58.3587 -1.76909 8.71607 -5.00217
601 1 2.196 -88.3511 -97.4521 -56.9702 3.5486 1.0403 0.929547
602 1 2.196 -86.0908 -95.1949 -55.4218 1.32988 -3.47425 -1.51021
603 2 -1.098 -87.0389 -96.0976 -56.8927 1.23918 -3.85594 3.05199
604 2 -1.098 -89.7289 -98.9124 -57.0724 2.59659 -2.29059 -5.92732
605 2 -1.098 -87.646 -93.8298 -55.4367 -0.666212 -2.66003 2.03678
606 2 -1.098 -84.8149 -96.6971 -55.4176 -9.41286 1.3087 -5.00731
607 1 2.196 -88.4388 -97.3577 -54.0054 0.457742 -0.465532 0.223705
608 1 2.196 -86.1252 -95.1308 -52.5201 1.09502 0.295765 -0.593369
609 2 -1.098 -87.0227 -95.9978 -54.0024 -2.64161 -6.34009 0.534608
610 2 -1.098 -89.7775 -98.8955 -53.9488 -2.82373 0.0540537 5.04068
611 2 -1.098 -87.4829 -93.7745 -52.5038 0.0116033 -2.87479 -3.25891
612 2 -1.098 -84.953 -96.567 -52.4758 -0.538415 4.09593 -2.6003
613 1 2.196 -88.5616 -97.3548 -50.9778 2.97259 -2.80061 4.30523
614 1 2.196 -86.2247 -95.29 -49.529 2.24642 0.884381 0.796017
615 2 -1.098 -87.1816 -95.9328 -51.0171 0.673704 4.24609 0.580929
616 2 -1.098 -89.8901 -98.7245 -50.961 0.435503 -0.0363877 2.0127
617 2 -1.098 -87.542 -93.8407 -49.5855 5.35484 2.15902 6.55704
618 2 -1.098 -84.7312 -96.5914 -49.4337 6.85147 1.33135 5.21781
619 1 2.196 -88.3863 -97.5585 -47.6952 -0.561299 3.2812 1.50196
620 1 2.196 -85.9677 -94.9714 -46.5911 1.15567 0.549965 -1.26186
621 2 -1.098 -87.0404 -96.1158 -47.8936 -4.52309 -1.86446 -4.05563
622 2 -1.098 -89.7044 -98.8635 -48.0392 0.47111 -1.17602 0.117692
623 2 -1.098 -87.3628 -93.74 -46.4185 -1.31215 -0.329273 3.11515
624 1 2.196 -86.0327 -90.7821 -70.3079 -0.177177 6.43215 2.21815
625 2 -1.098 -87.5258 -89.6701 -70.2406 -4.89815 0.318699 -3.57279
626 2 -1.098 -84.5653 -91.8913 -70.5051 -3.5952 -7.14933 3.50507
627 1 2.196 -88.1898 -93.1274 -69.1011 -1.18708 2.34088 -0.73689
628 1 2.196 -86.1138 -90.6551 -67.2837 0.738704 1.21722 -1.22413
629 2 -1.098 -86.879 -91.7484 -68.89 5.84709 -0.305801 3.5639
630 2 -1.098 -89.8873 -94.3194 -68.7405 -1.67101 -3.68246 2.43193
631 2 -1.098 -87.433 -89.3219 -67.3682 4.06828 -1.35323 -5.29839
632 2 -1.098 -84.7227 -92.0936 -67.2673 -0.965946 7.38416 11.426
633 1 2.196 -88.4479 -92.9253 -65.9235 7.17958 -3.45647 3.87603
634 1 2.196 -86.0639 -90.7988 -64.358 3.28426 1.63715 -0.0427532
635 2 -1.098 -86.9299 -91.6275 -65.8525 -4.81326 -4.5287 0.101996
636 2 -1.098 -89.8814 -94.2596 -65.8468 -4.79118 2.70438 0.962546
637 2 -1.098 -87.4533 -89.4637 -64.3565 -4.26079 -5.45083 -0.618776
638 2 -1.098 -84.7325 -92.1641 -64.4492 -0.309511 -3.27969 -0.633556
639 1 2.196 -88.5501 -92.9724 -62.9251 2.25646 -4.2778 4.18787
640 1 2.196 -86.163 -90.6398 -61.3676 -0.505385 0.012991 2.89121
641 2 -1.098 -87.0912 -91.5424 -62.8894 -0.745414 3.30403 -0.652144
642 2 -1.098 -89.904 -94.4058 -62.8775 -2.95124 1.28084 2.42138
643 2 -1.098 -87.4718 -89.3126 -61.3383 1.17418 -3.51013 0.209113
644 2 -1.098 -84.8569 -92.0365 -61.4929 4.76243 -0.146486 3.4857
645 1 2.196 -88.4529 -92.9027 -59.8874 1.31446 1.43165 1.12725
646 1 2.196 -86.1729 -90.6926 -58.3554 1.13262 0.0953697 2.29407
647 2 -1.098 -86.9362 -91.6016 -59.8486 -3.59477 1.22465 4.10326
648 2 -1.098 -89.8794 -94.2265 -59.8569 -7.02373 -1.56207 5.37647
649 2 -1.098 -87.4768 -89.3398 -58.3027 -2.14487 4.64337 1.78557
650 2 -1.098 -84.887 -92.0384 -58.2808 2.13833 4.6764 -4.78129
651 1 2.196 -88.5029 -92.9356 -56.9092 1.98703 -2.5486 -5.78073
652 1 2.196 -86.1579 -90.7545 -55.3058 1.85428 -0.945593 -3.93397
653 2 -1.098 -87.0727 -91.6263 -56.8405 -0.759563 -1.5722 -0.0382745
654 2 -1.098 -89.8295 -94.3558 -56.9187 0.839361 3.62086 -3.47929
655 2 -1.098 -87.5353 -89.3721 -55.362 -0.417357 2.27479 0.387576
656 2 -1.098 -84.7471 -92.0561 -55.3051 3.00137 -4.30164 -0.264423
657 1 2.196 -88.536 -92.9751 -53.9489 2.02059 -2.94681 -1.37242
658 1 2.196 -86.1998 -90.8019 -52.4062 0.620346 1.77381 1.20348
659 2 -1.098 -87.0962 -91.6641 -53.8541 6.6492 4.48175 -2.01172
660 2 -1.098 -89.9035 -94.2731 -53.9931 0.0411835 -3.78926 3.38611
661 2 -1.098 -87.6523 -89.4145 -52.3994 6.09608 -7.30669 6.46226
662 2 -1.098 -84.7668 -92.0089 -52.3423 1.99647 -4.2486 0.131443
663 1 2.196 -88.5223 -92.9803 -50.9905 -4.36491 1.73374 -3.05205
664 1 2.196 -86.199 -90.7237 -49.3788 -5.54679 -0.528349 -1.30318
665 2 -1.098 -87.2093 -91.6177 -50.8993 -4.58958 -6.05541 -3.76956
666 2 -1.098 -89.952 -94.3176 -50.9431 0.969014 -0.246865 -0.865686
667 2 -1.098 -87.6472 -89.3385 -49.3382 9.67064 -1.54573 -0.706069
668 2 -1.098 -84.7875 -92.0009 -49.4845 -2.48962 1.76043 1.42778
669 1 2.196 -88.3355 -93.0293 -48.0022 2.37169 -0.0767094 -5.62361
670 1 2.196 -86.042 -89.81 -45.956 -3.3281 -2.5496 1.21737
671 2 -1.098 -87.1096 -91.6738 -47.9657 7.87229 -4.57581 3.31491
672 2 -1.098 -89.7011 -94.3127 -47.9017 2.36389 3.50411 -0.152321
673 2 -1.098 -87.8332 -89.0165 -46.054 3.07778 -0.174948 1.1768
674 2 -1.098 -84.7118 -93.5958 -46.1457 -1.60759 -8.51384 -1.08212
675 1 2.196 -88.2133 -92.6634 -45.0996 5.5938 -1.77606 -4.69814
676 2 -1.098 -87.1519 -91.2233 -45.1149 2.82197 2.28072 0.600644
677 2 -1.098 -89.3768 -94.0748 -44.8749 -3.19823 1.73309 -0.978872
678 1 2.196 -86.2016 -86.2971 -70.3727 0.107188 -1.7276 -0.310437
679 2 -1.098 -87.511 -85.0614 -70.4834 -5.96989 6.29808 -0.565702
680 2 -1.098 -84.7218 -87.532 -70.4468 1.4761 -0.682927 -4.17333
681 1 2.196 -88.5018 -88.669 -68.9891 2.2256 -3.38836 -2.52094
682 1 2.196 -86.5488 -86.5534 -67.3666 1.91701 0.301876 -3.6251
683 2 -1.098 -86.943 -87.4244 -69.0086 -1.70624 -3.44037 4.46982
684 2 -1.098 -89.9517 -89.7791 -69.0742 -5.43475 1.47652 4.35551
685 2 -1.098 -87.6186 -85.0466 -67.4366 0.884078 -0.431864 -0.543441
686 2 -1.098 -84.8514 -87.55 -67.333 1.41111 7.08909 -4.07796
687 1 2.196 -88.3594 -88.6192 -65.8167 -1.41169 0.314805 2.2218
688 1 2.196 -86.0015 -86.1275 -64.3644 -0.674592 -0.883117 0.81151
689 2 -1.098 -86.9935 -87.219 -65.6798 -9.1931 5.53078 0.956166
690 2 -1.098 -89.7122 -89.9846 -65.9684 6.48432 1.34911 3.38597
691 2 -1.098 -87.3458 -84.7506 -64.3624 8.17217 0.498622 -0.200317
692 2 -1.098 -84.6783 -87.4961 -64.3545 5.03982 -2.91925 -3.10146
693 1 2.196 -88.2642 -88.5064 -62.8606 3.31965 -0.166668 4.92845
694 1 2.196 -86.0356 -86.1895 -61.4251 -0.177609 3.42587 3.15959
695 2 -1.098 -86.9048 -87.044 -62.9723 -1.69373 -6.34771 -0.171763
696 2 -1.098 -89.7694 -89.771 -62.9161 -2.20506 -5.22985 1.41972
697 2 -1.098 -87.4174 -84.82 -61.4365 1.46668 -0.852122 -0.974094
698 2 -1.098 -84.6975 -87.5664 -61.3332 -4.29582 2.91045 1.5846
699 1 2.196 -88.3828 -88.4902 -59.8212 3.26892 -3.28299 0.382825
700 1 2.196 -86.1308 -86.1864 -58.3984 -0.388911 0.34419 2.36483
701 2 -1.098 -86.942 -87.1152 -59.9164 -0.173625 -9.5867 -5.13204
702 2 -1.098 -89.7479 -89.766 -59.878 1.74536 1.48809 -0.808694
703 2 -1.098 -87.5415 -84.8545 -58.4578 -3.39954 4.49815 0.497695
704 2 -1.098 -84.7571 -87.5652 -58.4023 -0.437467 -2.49234 9.99149
705 1 2.196 -88.2908 -88.3944 -56.8538 -1.29541 -1.15645 -0.196209
706 1 2.196 -86.0929 -86.1582 -55.3456 -3.13046 -3.19826 -2.34154
707 2 -1.098 -87.0394 -86.9468 -56.8714 4.17425 6.06312 -1.24544
708 2 -1.098 -89.7552 -89.7565 -56.8899 2.49302 1.32784 -6.62158
709 2 -1.098 -87.5159 -84.8297 -55.4237 -5.6026 5.18425 -0.616526
710 2 -1.098 -84.7192 -87.5405 -55.372 5.42394 2.30095 0.172073
711 1 2.196 -88.378 -88.4527 -53.9076 -0.79407 -0.0758288 0.780323
712 1 2.196 -86.1487 -86.1637 -52.3495 -0.413294 2.08926 1.65964
713 2 -1.098 -87.0682 -87.0965 -53.9367 -0.588486 0.509669 2.7764
714 2 -1.098 -89.806 -89.7341 -53.9173 4.15681 -1.27064 -9.61515
715 2 -1.098 -87.6132 -84.9098 -52.409 -0.244537 -0.492578 7.33741
716 2 -1.098 -84.8527 -87.5953 -52.4803 -5.68738 -5.01523 -1.03923
717 1 2.196 -88.4054 -88.4535 -50.8765 0.429457 2.96916 -0.530828
718 1 2.196 -86.2058 -86.1663 -49.3856 1.89059 -1.66514 -1.13334
719 2 -1.098 -87.038 -87.1161 -50.9225 -0.311016 -4.41885 -2.37807
720 2 -1.098 -89.8438 -89.7207 -50.8882 -0.117593 0.755801 -4.33923
721 2 -1.098 -87.6132 -84.8372 -49.3861 -6.63361 -2.30684 0.456783
722 2 -1.098 -84.758 -87.3076 -49.5771 7.78359 -0.469889 -7.18237
723 1 2.196 -88.5548 -88.3285 -47.941 0.215068 -0.920568 0.623504
724 1 2.196 -86.1893 -83.6036 -45.999 2.07113 -0.495359 -0.771027
725 2 -1.098 -87.1859 -87.0113 -47.7825 5.93127 -3.08592 -6.67268
726 2 -1.098 -89.7782 -89.7803 -47.8884 -0.494068 -5.87647 1.89816
727 2 -1.098 -89.5916 -83.1423 -46.6015 -0.0318234 5.40652 1.0632
728 2 -1.098 -83.4991 -87.6681 -47.493 0.557128 2.47558 1.70078
729 1 2.196 -87.1574 -86.6469 -45.8762 1.33717 3.56256 -2.76095
730 2 -1.098 -87.6677 -84.866 -46.3228 1.3602 -5.31001 -0.112839
731 2 -1.098 -88.2434 -87.0827 -44.485 -1.47925 2.35556 1.93422
732 1 2.196 -88.2668 -84.0545 -68.9586 -1.37714 -0.11574 -3.55705
733 1 2.196 -86.0182 -81.8847 -67.3061 1.24275 -0.759089 2.13214
734 2 -1.098 -86.8192 -82.8441 -68.6722 -5.50626 -3.07135 -1.72285
735 2 -1.098 -89.7094 -85.3225 -68.9122 3.28251 6.96537 -5.37875
736 2 -1.098 -87.2734 -80.3811 -67.2357 -7.19002 3.10747 -2.25079
737 2 -1.098 -84.5526 -83.207 -67.089 2.22713 -5.50597 -2.45282
738 1 2.196 -88.3506 -83.9339 -65.9412 -2.49022 -1.99802 2.69664
739 1 2.196 -85.9225 -81.734 -64.3681 1.12538 0.496784 -0.493899
740 2 -1.098 -87.0011 -82.6677 -65.8029 -5.42557 -1.74021 4.83048
741 2 -1.098 -89.6229 -85.3423 -65.8796 2.20444 -3.8558 -2.43773
742 2 -1.098 -87.3233 -80.451 -64.2598 0.110047 4.05108 4.09733
743 2 -1.098 -84.4631 -82.9216 -64.2986 -0.375533 -4.54958 0.465842
744 1 2.196 -88.3011 -83.9126 -62.8471 -0.544658 -4.45316 -2.93896
745 1 2.196 -86.0323 -81.6318 -61.3421 -0.406545 1.95568 2.59556
746 2 -1.098 -86.8643 -82.6011 -62.8014 1.97654 1.21277 0.557017
747 2 -1.098 -89.6963 -85.3141 -62.9112 -4.53961 -0.536296 0.0976437
748 2 -1.098 -87.3657 -80.2441 -61.3206 -0.695701 4.9315 -1.20341
749 2 -1.098 -84.6135 -82.9588 -61.2834 0.280222 2.12708 0.40129
750 1 2.196 -88.3986 -83.9421 -59.9244 -0.528335 -0.38181 -0.213802
751 1 2.196 -86.1313 -81.8054 -58.3727 4.30193 0.0985465 0.95797
752 2 -1.098 -86.9765 -82.5734 -59.8831 -1.6056 1.31572 2.93569
753 2 -1.098 -89.7455 -85.2963 -59.8713 4.86119 -2.31301 1.63431
754 2 -1.098 -87.456 -80.3662 -58.4349 2.90916 7.44854 -1.49903
755 2 -1.098 -84.7426 -83.0751 -58.2874 2.72321 2.42228 -2.88025
756 1 2.196 -88.4084 -83.9363 -56.8521 3.15948 -1.42988 -5.41647
757 1 2.196 -86.2112 -81.6955 -55.3707 1.50545 -1.05764 -0.721474
758 2 -1.098 -87.0969 -82.5903 -56.8649 -2.86335 0.995859 0.660656
759 2 -1.098 -89.7796 -85.2571 -56.8883 2.10737 2.77421 1.86407
760 2 -1.098 -87.4046 -80.2143 -55.3574 5.74206 -2.8427 -1.92217
761 2 -1.098 -84.8157 -83.0093 -55.354 -0.188223 -2.30643 -2.88283
762 1 2.196 -88.439 -83.9761 -53.8599 3.48776 1.34737 0.536655
763 1 2.196 -86.2683 -81.6958 -52.2913 -1.19549 -0.951033 2.91331
764 2 -1.098 -87.0762 -82.5312 -53.799 -3.02489 -4.3177 -1.29323
765 2 -1.098 -89.8464 -85.2305 -53.8263 -5.50294 -2.94113 3.53279
766 2 -1.098 -87.6038 -80.2308 -52.3384 -0.224554 2.77803 7.6184
767 2 -1.098 -84.7131 -82.8909 -52.4446 -2.9153 -2.12894 2.43893
768 1 2.196 -88.4381 -83.8895 -50.7783 -0.928215 2.94775 2.2484
769 1 2.196 -85.9144 -81.5248 -49.1738 1.16898 -3.61578 -0.864586
770 2 -1.098 -86.9708 -82.6752 -50.8101 8.74531 8.8094 -1.96658
771 2 -1.098 -89.9393 -85.2924 -50.768 0.138104 -5.87289 -6.08073
772 2 -1.098 -87.4932 -80.5853 -49.2565 -1.21972 -1.14944 -1.75603
773 2 -1.098 -84.5979 -82.9339 -49.3446 5.2921 -2.84264 -8.6483
774 1 2.196 -88.4488 -83.8787 -47.891 0.00600855 0.621127 0.454444
775 2 -1.098 -86.8981 -82.7317 -47.6805 3.60304 3.17178 -0.757356
776 2 -1.098 -89.9064 -85.2774 -47.8344 -9.15935 11.6604 3.06284
777 2 -1.098 -84.5375 -83.2204 -46.6231 6.82922 -2.15577 1.70948
778 1 2.196 -89.2163 -83.5075 -44.7145 2.91886 -0.16388 -2.36324
779 2 -1.098 -90.0947 -85.1041 -44.9262 2.24489 -2.42876 -3.32034
780 1 2.196 -88.1945 -79.8062 -65.7824 1.19183 2.65006 0.376783
781 2 -1.098 -89.7108 -80.8614 -66.022 -4.59126 -5.7391 5.35375
782 2 -1.098 -84.3232 -77.7296 -63.0568 2.63736 1.59798 0.194634
783 1 2.196 -88.3622 -79.3466 -62.869 1.95775 3.61629 -4.58728
784 1 2.196 -85.664 -77.4474 -61.6343 2.44941 2.37282 -1.44209
785 2 -1.098 -87.129 -77.9422 -62.5713 -5.0053 1.30571 -4.82183
786 2 -1.098 -89.7501 -80.7016 -62.901 -2.94012 2.84655 -0.136887
787 2 -1.098 -84.6072 -78.8018 -61.0363 2.9413 -4.05626 -1.91515
788 1 2.196 -88.3192 -79.4301 -59.8614 0.434481 0.799141 1.26965
789 1 2.196 -85.7964 -77.2024 -58.5116 -0.23726 -1.8055 2.88743
790 2 -1.098 -87.0569 -78.0522 -59.7798 3.40538 -0.675154 1.97439
791 2 -1.098 -89.7926 -80.7583 -59.9088 3.52949 1.14528 0.977069
792 2 -1.098 -84.409 -78.4893 -58.2987 -7.37624 7.92992 5.05804
793 1 2.196 -88.2815 -79.405 -56.9264 0.10665 -2.26882 4.2893
794 1 2.196 -85.9984 -77.1547 -55.5151 -2.06183 1.17488 -2.30982
795 2 -1.098 -86.7718 -78.1506 -57.0201 -1.4609 -2.05279 1.96481
796 2 -1.098 -89.6584 -80.8219 -56.9382 -6.24119 1.78139 5.28413
797 2 -1.098 -84.4965 -78.2489 -55.332 -2.24311 5.02714 5.2777
798 1 2.196 -88.2547 -79.2624 -53.8951 -4.50279 -0.742119 -0.721311
799 2 -1.098 -87.0703 -77.8465 -54.2659 -3.45612 0.978951 7.07727
800 2 -1.098 -89.6222 -80.7791 -53.9282 0.341232 -0.246049 -4.29469
801 2 -1.098 -84.614 -78.2604 -52.2443 -2.94944 -0.126035 -2.94191
802 1 2.196 -88.3396 -79.5089 -50.5272 3.17422 2.80983 2.14017
803 2 -1.098 -86.7036 -78.4673 -50.4843 0.984666 -2.05624 4.70867
804 2 -1.098 -89.7334 -80.7524 -50.8602 -4.14951 -4.35471 3.56452
805 2 -1.098 -90.4552 -81.0066 -47.6829 -2.28835 5.09096 -6.79536
806 2 -1.098 -90.257 -76.2777 -59.5651 -8.92188 1.87571 1.10573
807 2 -1.098 -90.3052 -76.417 -56.3325 5.25057 0.33668 -2.06226
808 2 -1.098 -82.889 -96.8318 -64.7424 1.11127 -0.689196 -0.868612
809 1 2.196 -82.6868 -100.202 -61.6266 1.75806 -1.27682 -2.40689
810 2 -1.098 -82.755 -98.128 -61.5112 1.04056 -2.00888 3.91944
811 1 2.196 -81.3159 -99.1629 -58.6412 2.6512 -5.89956 -0.85834
812 2 -1.098 -82.0764 -100.293 -59.8842 0.14214 5.33304 2.29191
813 2 -1.098 -82.8764 -98.0084 -58.5419 7.3047 1.19698 0.993606
814 1 2.196 -83.4839 -101.126 -56.4824 2.92261 -0.147346 0.0392396
815 1 2.196 -81.1946 -99.5052 -55.5398 -0.172774 1.41688 -2.26458
816 2 -1.098 -82.0752 -100.221 -57.2408 -1.5209 4.76951 0.498772
817 2 -1.098 -82.9274 -98.3953 -55.5621 -4.82891 -2.08777 2.70364
818 2 -1.098 -82.1486 -101.022 -55.0321 0.0992195 4.93628 0.575875
819 2 -1.098 -83.0397 -98.2265 -52.3942 -3.23951 1.25795 -8.32222
820 2 -1.098 -84.5748 -98.8939 -48.363 -3.18123 2.07475 4.49746
821 1 2.196 -81.1664 -95.0908 -67.3719 0.275908 1.88706 1.0099
822 2 -1.098 -82.7121 -93.9806 -67.4166 -4.27879 4.91468 6.30205
823 1 2.196 -83.4632 -97.4128 -66.4298 -3.06337 0.541096 4.04745
824 1 2.196 -81.5808 -95.4659 -64.0774 -0.715533 1.78297 -1.96391
825 2 -1.098 -81.9445 -96.7064 -67.3302 -1.84481 2.10068 1.5229
826 2 -1.098 -84.3308 -98.8794 -65.8925 5.15275 -7.38253 -5.14172
827 2 -1.098 -83.0919 -94.053 -64.299 3.00952 -0.283932 2.48364
828 2 -1.098 -80.9028 -94.6462 -65.5759 -0.38035 -2.90287 0.423608
829 1 2.196 -83.949 -97.0789 -63.0182 2.9783 0.999108 -0.0444649
830 1 2.196 -81.5212 -94.8663 -61.271 1.69749 -3.5932 0.480535
831 2 -1.098 -82.6017 -95.8176 -62.4846 -4.43472 3.13666 -2.50787
832 2 -1.098 -84.9019 -98.7729 -63.0746 2.80658 5.76291 -1.02575
833 2 -1.098 -83.078 -93.6628 -61.297 0.112178 2.11333 -1.52488
834 2 -1.098 -80.738 -96.9639 -63.4667 -5.73255 7.15186 2.5246
835 1 2.196 -83.8105 -97.1858 -59.9618 1.63606 3.58729 0.147818
836 1 2.196 -81.7285 -95.1344 -58.2769 4.76411 -0.185547 -3.30032
837 2 -1.098 -82.5213 -95.8434 -59.8024 4.27288 0.491291 -9.69827
838 2 -1.098 -85.128 -98.678 -59.9609 0.385786 7.07804 -5.33102
839 2 -1.098 -83.1749 -93.8361 -58.3379 0.209861 -0.24531 -3.87122
840 2 -1.098 -80.2781 -96.3134 -58.3465 -0.197349 0.539039 1.12594
841 1 2.196 -83.8407 -97.4227 -56.9577 1.30585 -6.62954 0.781807
842 1 2.196 -81.7406 -95.1775 -55.3695 1.82647 -3.87768 -3.86709
843 2 -1.098 -82.606 -95.9911 -56.8184 2.36374 -8.8871 4.285
844 2 -1.098 -85.0937 -98.8225 -56.8789 1.76628 -2.19458 2.16652
845 2 -1.098 -83.0675 -93.7679 -55.3467 3.20399 1.92857 0.729118
846 2 -1.098 -80.3924 -96.5212 -55.4356 7.33843 -1.50642 -5.10235
847 1 2.196 -83.8543 -97.5565 -53.9456 -3.04265 2.5831 3.18401
848 1 2.196 -81.7005 -95.3759 -52.3217 -6.22744 -1.41112 3.60395
849 2 -1.098 -82.6946 -96.0869 -53.928 1.07857 -8.04818 -4.87713
850 2 -1.098 -85.298 -98.8426 -53.7676 -0.0591843 -2.22375 0.776385
851 2 -1.098 -83.1826 -94.0501 -52.4171 -5.7109 -7.27064 1.02251
852 2 -1.098 -80.2304 -96.5065 -52.7117 -4.5019 0.110904 -0.606905
853 1 2.196 -83.9098 -97.3782 -50.9805 0.612703 -3.39188 -1.23883
854 1 2.196 -81.603 -95.0712 -49.2462 1.5313 0.459206 3.09665
855 2 -1.098 -82.5304 -96.1587 -50.829 -5.75284 -2.5844 -1.48216
856 2 -1.098 -85.1677 -98.785 -50.8959 0.683415 -2.81762 1.3254
857 2 -1.098 -83.0873 -93.9754 -49.1147 -5.7627 -2.37909 5.47018
858 1 2.196 -83.9265 -97.2165 -47.8113 4.02659 -2.19772 4.67599
859 2 -1.098 -82.3172 -96.3323 -48.1369 7.03392 -2.14979 -1.72643
860 2 -1.098 -84.8341 -96.4172 -46.4481 -2.82326 2.09895 0.937683
861 1 2.196 -83.8415 -92.8243 -68.89 0.650765 2.42617 3.83677
862 1 2.196 -81.5969 -90.7544 -67.2491 -2.4652 -0.415463 -1.26012
863 2 -1.098 -82.4518 -91.5949 -68.7327 -0.144415 8.69427 3.13909
864 2 -1.098 -85.2008 -94.1599 -68.7861 0.54561 -4.98604 -1.39732
865 2 -1.098 -82.8332 -89.2093 -67.505 -4.05226 3.39823 -4.59717
866 2 -1.098 -80.0898 -91.855 -66.9672 -9.56472 0.898256 3.44441
867 1 2.196 -83.8227 -93.1665 -65.8401 -0.123561 -1.56881 0.197091
868 1 2.196 -81.603 -90.7693 -64.3395 0.0759862 2.76139 4.45789
869 2 -1.098 -82.5259 -91.6601 -65.7717 6.13492 -1.00765 4.01288
870 2 -1.098 -85.3096 -94.3661 -65.984 4.87456 4.87242 1.08877
871 2 -1.098 -82.9694 -89.3468 -64.3354 4.60477 4.21909 -2.99745
872 2 -1.098 -80.1127 -92.0788 -64.3359 6.88707 2.79138 -1.74028
873 1 2.196 -83.8956 -93.0076 -62.9199 0.0936336 2.78814 3.71601
874 1 2.196 -81.5379 -90.7337 -61.3505 -0.974526 -2.16686 1.05937
875 2 -1.098 -82.5019 -91.6574 -62.9193 -0.990782 0.228662 -3.53281
876 2 -1.098 -85.2051 -94.4521 -63.0197 -11.3085 1.03912 -6.72166
877 2 -1.098 -82.8458 -89.3327 -61.4035 4.52019 -2.38636 -8.69757
878 2 -1.098 -80.2498 -92.0997 -61.3067 0.160109 -0.876291 -4.91964
879 1 2.196 -84.0061 -92.7859 -59.9108 5.40263 -4.08406 0.296158
880 1 2.196 -81.5758 -90.6159 -58.2295 3.48405 2.05791 0.768662
881 2 -1.098 -82.5427 -91.5016 -59.8111 0.413655 2.15235 3.20181
882 2 -1.098 -85.4449 -94.1682 -59.9437 -0.991399 -5.60189 4.9902
883 2 -1.098 -82.9759 -89.3705 -58.3559 0.99569 -2.23099 -5.10707
884 2 -1.098 -80.19 -91.9232 -58.1384 -7.51567 0.900155 0.671554
885 1 2.196 -83.9363 -92.8665 -56.8668 -1.61395 -1.40364 2.98679
886 1 2.196 -81.5227 -90.8304 -55.2619 -0.634102 1.9369 2.32135
887 2 -1.098 -82.5274 -91.5997 -56.8315 3.02354 -4.55629 -0.706735
888 2 -1.098 -85.358 -94.2479 -56.8786 3.9485 2.47661 1.35242
889 2 -1.098 -82.9259 -89.3981 -55.4274 -3.24038 2.69946 5.31113
890 2 -1.098 -80.064 -92.0088 -55.2312 -4.15111 -6.43852 0.0891099
891 1 2.196 -83.8935 -92.8925 -53.8117 -0.405154 -1.70592 4.46278
892 1 2.196 -81.7002 -90.6839 -52.2635 1.50847 1.40538 -2.06417
893 2 -1.098 -82.5421 -91.5675 -53.7706 -0.116905 -0.161231 -1.89683
894 2 -1.098 -85.2873 -94.2543 -53.978 -3.68322 -6.3623 4.00601
895 2 -1.098 -83.096 -89.4499 -52.4152 0.0414214 2.25581 0.520765
896 2 -1.098 -79.9629 -91.8038 -52.3846 0.956475 2.72218 3.88673
897 1 2.196 -83.8241 -93.0802 -50.8158 3.54268 -1.44737 -3.41944
898 1 2.196 -81.6478 -90.774 -49.2624 -6.39276 0.376213 0.201015
899 2 -1.098 -82.4508 -91.7011 -50.7987 4.36003 1.02608 1.86568
900 2 -1.098 -85.229 -94.3576 -50.9407 -0.213435 -2.27613 -1.90268
901 2 -1.098 -83.1674 -89.3577 -49.4114 -0.441283 -5.58699 -0.452957
902 2 -1.098 -80.3757 -92.1755 -49.3886 -4.35897 1.67414 0.34803
903 1 2.196 -84.16 -92.9016 -47.7982 2.29285 -2.82695 -0.756031
904 1 2.196 -83.3369 -89.5439 -47.4642 -3.74986 -0.162308 -3.72223
905 2 -1.098 -82.9104 -91.4958 -47.9101 -1.74284 4.70196 7.46115
906 2 -1.098 -85.3575 -94.3086 -48.2134 3.67591 -1.70313 -5.30472
907 2 -1.098 -84.1168 -89.9687 -45.8111 -1.69263 -0.562113 -0.74775
908 1 2.196 -83.8153 -88.2118 -68.8086 -0.783538 -4.30338 0.147622
909 1 2.196 -81.4138 -86.147 -67.1202 -0.95924 -0.36357 -3.0562
910 2 -1.098 -82.8606 -86.481 -68.4227 -0.0677481 1.00818 -0.865421
911 2 -1.098 -85.1126 -89.7521 -68.883 6.19844 3.92299 1.81901
912 2 -1.098 -82.4396 -84.6066 -66.9133 -2.40062 -1.73924 5.72076
913 2 -1.098 -80.2433 -87.609 -67.2094 1.75428 -2.52045 0.408333
914 1 2.196 -83.9053 -88.4614 -65.8114 -2.83155 -2.0888 -3.4349
915 1 2.196 -81.4293 -86.0744 -64.2321 0.529469 5.69306 -4.73866
916 2 -1.098 -82.5036 -87.0366 -65.7981 1.36031 0.411722 2.69891
917 2 -1.098 -85.2773 -89.741 -65.7866 1.3371 4.01658 -4.5705
918 2 -1.098 -82.7137 -84.6489 -64.3781 1.43263 2.33908 6.19737
919 2 -1.098 -80.2064 -87.5845 -64.1575 -2.49662 2.44063 -0.399019
920 1 2.196 -83.7332 -88.3534 -62.8369 -0.260494 -0.1203 1.89979
921 1 2.196 -81.5381 -86.1983 -61.3141 -2.85186 -3.93845 -1.49837
922 2 -1.098 -82.5071 -86.9892 -62.8822 -3.68761 2.18781 4.51312
923 2 -1.098 -85.1993 -89.8147 -62.8795 -2.90586 0.684866 -7.26555
924 2 -1.098 -82.8034 -84.7811 -61.2005 2.08974 0.193581 4.0536
925 2 -1.098 -80.2079 -87.6485 -61.2884 -5.60392 -3.08667 0.385055
926 1 2.196 -83.8101 -88.4279 -59.8919 -1.24056 -0.973312 -0.772945
927 1 2.196 -81.6341 -86.2787 -58.3117 -0.918996 4.51446 2.64457
928 2 -1.098 -82.4914 -87.1047 -59.8183 -2.68564 1.50506 0.660855
929 2 -1.098 -85.1872 -89.8001 -59.8575 -7.7003 3.96286 1.69474
930 2 -1.098 -82.9831 -84.8539 -58.2959 1.19771 -1.2429 6.21283
931 2 -1.098 -80.3539 -87.7117 -58.3288 -3.01188 -0.749007 3.87695
932 1 2.196 -83.8817 -88.4982 -56.8691 0.860859 -2.09127 -0.878767
933 1 2.196 -81.6913 -86.2416 -55.2977 -1.7792 0.259092 2.60392
934 2 -1.098 -82.5358 -87.1068 -56.8331 -7.79648 -1.66881 -2.03989
935 2 -1.098 -85.3075 -89.7891 -56.8001 -0.487483 -2.64193 1.59763
936 2 -1.098 -83.0423 -84.8566 -55.3678 1.13726 0.490443 -4.43033
937 2 -1.098 -80.2186 -87.4276 -55.2308 -1.70434 -7.53204 -0.488018
938 1 2.196 -83.8559 -88.57 -53.8766 -2.53522 -3.78986 0.508957
939 1 2.196 -81.7089 -86.1805 -52.1668 3.06762 -3.67332 2.95266
940 2 -1.098 -82.4786 -87.1186 -53.783 -3.07993 -0.791366 4.17178
941 2 -1.098 -85.2965 -89.8712 -53.8722 -4.18097 -5.89823 -4.09898
942 2 -1.098 -83.1301 -84.8478 -52.3123 -8.87441 -0.597846 -3.8716
943 2 -1.098 -80.2259 -87.363 -52.2313 0.846111 2.1819 3.86287
944 1 2.196 -84.0861 -88.5487 -50.9144 -1.68688 0.271082 0.696296
945 1 2.196 -80.8625 -83.4088 -50.1449 4.07494 -2.27509 0.0632627
946 2 -1.098 -82.6571 -87.2091 -50.9373 -0.786617 8.45613 0.407348
947 2 -1.098 -85.5245 -89.763 -50.9458 0.216851 -1.40182 1.636
948 2 -1.098 -82.9496 -84.9658 -49.4651 8.21454 4.02335 3.65239
949 2 -1.098 -80.8064 -87.1501 -49.2488 1.9999 -3.0598 1.54475
950 1 2.196 -82.5714 -86.8238 -48.924 2.6269 1.89833 -5.56078
951 2 -1.098 -82.9733 -85.2381 -46.8874 0.0330131 3.26971 3.92309
952 2 -1.098 -85.3073 -89.9525 -47.845 5.2879 6.4383 -3.2832
953 2 -1.098 -85.6264 -85.4266 -45.4142 -0.647652 -5.60165 3.76418
954 1 2.196 -84.4167 -86.3323 -46.4798 -1.09298 2.66252 -1.80752
955 2 -1.098 -85.6316 -87.8027 -45.8245 -4.67327 1.82421 -2.04259
956 1 2.196 -84.1394 -85.0913 -67.5957 -0.0816967 -1.58073 3.63793
957 2 -1.098 -85.3793 -85.5177 -68.8653 5.26375 -0.544485 -0.767402
958 1 2.196 -83.153 -83.2184 -65.724 5.26315 1.09387 3.64542
959 1 2.196 -81.0268 -81.4044 -64.2031 -1.55094 5.90837 -0.974489
960 2 -1.098 -81.7575 -82.0602 -65.8004 -4.48916 2.57455 -5.15575
961 2 -1.098 -85.414 -85.4568 -66.1914 5.42701 -2.09602 1.96427
962 2 -1.098 -82.4317 -80.1633 -64.1941 1.27923 1.45537 1.74057
963 2 -1.098 -79.7892 -82.8259 -63.9155 -3.72675 -0.365085 -3.7569
964 1 2.196 -83.6786 -83.838 -62.7695 1.26113 0.9349 -0.359027
965 1 2.196 -81.148 -81.4452 -61.3104 -2.40826 -1.12736 1.01593
966 2 -1.098 -82.1781 -82.4885 -62.7283 -3.54891 1.05082 -1.27801
967 2 -1.098 -85.0384 -85.2137 -62.8382 -2.573 0.512934 -3.58868
968 2 -1.098 -82.5847 -80.099 -61.2535 0.83946 7.38395 11.4846
969 2 -1.098 -79.8938 -82.9513 -61.2177 0.279366 4.42783 -0.449754
970 1 2.196 -83.7798 -83.8926 -59.7609 -1.07112 1.97136 -3.01356
971 1 2.196 -81.3864 -81.6935 -58.2378 2.60783 0.980574 -1.0264
972 2 -1.098 -82.376 -82.4492 -59.7593 6.6841 -1.06055 -5.48931
973 2 -1.098 -85.1807 -85.1785 -59.858 -0.653873 3.1385 -1.30899
974 2 -1.098 -82.801 -80.2948 -58.1874 -1.51896 -1.24832 -3.13532
975 2 -1.098 -80.1372 -83.1073 -58.1662 6.22868 -2.40165 -1.24167
976 1 2.196 -83.8487 -83.8968 -56.8347 -0.634299 2.35523 -2.58753
977 1 2.196 -81.6299 -81.6657 -55.27 -1.10766 -2.05045 -1.25397
978 2 -1.098 -82.5083 -82.5953 -56.7866 -1.95407 1.48889 -8.85091
979 2 -1.098 -85.2046 -85.3443 -56.8414 -3.08767 -0.794533 -4.04769
980 2 -1.098 -83.0287 -80.2687 -55.2286 2.95906 -6.94287 0.93988
981 2 -1.098 -80.1582 -83.1362 -55.2147 -3.84834 -1.82268 1.21861
982 1 2.196 -83.9096 -84.0062 -53.8708 0.651005 -5.66371 -0.874814
983 1 2.196 -81.8736 -81.6527 -52.3552 1.16809 -2.19177 3.37993
984 2 -1.098 -82.5308 -82.6809 -53.8828 3.71709 0.407391 -5.22174
985 2 -1.098 -85.3552 -85.2759 -53.7926 4.16881 0.0424895 2.74049
986 2 -1.098 -82.9699 -80.1084 -52.3978 -9.26544 3.14479 3.67493
987 2 -1.098 -80.4383 -82.8492 -52.0213 7.04677 -0.389053 -3.39932
988 1 2.196 -84.0096 -83.8861 -50.9067 -0.840461 4.61981 1.24348
989 2 -1.098 -82.5148 -82.7224 -50.9195 0.693023 -0.148648 -2.03106
990 2 -1.098 -85.4334 -85.0872 -50.881 4.4622 -6.26191 -0.988653
991 1 2.196 -83.3652 -83.7325 -47.9941 5.1473 1.18495 1.39562
992 2 -1.098 -81.6929 -83.0257 -48.5219 -3.08601 -5.31953 4.74703
993 2 -1.098 -85.2365 -85.3788 -48.0052 1.73593 -3.03863 -4.77021
994 2 -1.098 -87.3861 -83.1462 -44.6677 1.579 -0.714818 1.47398
995 2 -1.098 -85.1467 -81.0948 -65.8934 0.12289 1.53724 -3.47152
996 1 2.196 -83.5865 -79.4466 -62.8472 1.68611 -4.79673 2.638
997 2 -1.098 -84.9738 -80.7152 -62.881 -0.500247 -1.91394 1.28055
998 1 2.196 -83.6475 -79.6912 -59.7172 2.2732 4.91268 -2.45185
999 2 -1.098 -85.2752 -76.4179 -60.1199 7.8544 4.66347 -6.52557
1000 2 -1.098 -85.1153 -80.8973 -59.7504 2.47298 -3.97648 -4.56108
1001 1 2.196 -83.8356 -79.5249 -56.7882 2.31315 -2.85908 0.239858
1002 2 -1.098 -85.3799 -76.1158 -56.9275 -0.564914 8.71898 -0.590816
1003 2 -1.098 -85.2962 -80.7754 -56.9023 6.33021 0.0849422 4.07946
1004 1 2.196 -84.0179 -79.2977 -53.6854 -2.10539 3.2512 0.570659
1005 2 -1.098 -85.3374 -80.6639 -53.7586 3.81989 -2.27082 -5.36862
1006 1 2.196 -84.9314 -78.8692 -50.5667 -3.02495 3.61475 -0.381209
1007 2 -1.098 -85.3621 -80.6949 -50.9934 -1.44092 0.689706 -5.07148
1008 2 -1.098 -84.7445 -79.8924 -48.9119 0.221841 -5.67287 -2.59183
1009 2 -1.098 -78.4437 -93.8969 -64.4153 -3.06606 0.405527 0.155297
1010 2 -1.098 -81.24 -99.6138 -62.5527 8.89111 5.47181 0.151588
1011 2 -1.098 -78.6017 -94.0168 -61.022 -2.06713 3.40863 -2.04305
1012 1 2.196 -80.739 -97.8828 -61.8501 -1.82718 0.0855283 -2.29916
1013 1 2.196 -78.9222 -95.584 -59.601 -0.47148 0.0310413 -4.13179
1014 2 -1.098 -80.1327 -96.2083 -61.043 1.80814 -0.405587 1.52114
1015 2 -1.098 -80.3118 -98.4903 -60.1015 4.18027 9.88344 4.28504
1016 2 -1.098 -78.7822 -93.9977 -58.403 -0.115639 1.61211 -2.44432
1017 1 2.196 -79.1013 -97.1543 -57.0171 0.372022 0.728944 1.42039
1018 2 -1.098 -77.9127 -96.7813 -58.444 6.97354 4.09995 -3.14664
1019 2 -1.098 -80.2324 -98.6525 -57.1179 -3.57187 -0.867693 -0.116817
1020 2 -1.098 -78.8899 -94.3384 -55.2171 -4.0591 0.0108104 3.52812
1021 1 2.196 -79.1916 -97.1669 -54.0854 -2.15197 -0.417103 3.57723
1022 2 -1.098 -78.0472 -97.4496 -55.4901 -3.40827 0.247865 2.81466
1023 2 -1.098 -80.0504 -98.7739 -54.3955 -0.704681 -0.244393 -5.5686
1024 2 -1.098 -78.6689 -93.9554 -52.0404 3.0803 -4.9407 8.05796
1025 1 2.196 -79.3904 -93.1634 -65.8645 3.80355 0.315521 -2.01294
1026 2 -1.098 -79.4292 -94.422 -67.4415 -0.364815 4.74485 5.51773
1027 2 -1.098 -78.4864 -89.2023 -64.4318 3.11291 -7.03007 -3.31435
1028 1 2.196 -79.1141 -93.0944 -62.7522 -1.47556 1.45737 2.29469
1029 1 2.196 -77.0302 -90.7154 -60.9571 -3.90374 0.362028 1.71736
1030 2 -1.098 -77.7435 -91.8366 -62.2309 0.109063 1.24489 -3.11231
1031 2 -1.098 -80.629 -94.2815 -62.8082 -6.19751 1.60202 3.18585
1032 2 -1.098 -78.4765 -89.4354 -61.2176 0.685355 2.44842 -1.1889
1033 1 2.196 -79.3934 -92.7403 -59.6536 3.2973 -2.96035 -2.97195
1034 1 2.196 -77.0539 -90.6335 -57.9964 1.71906 3.31148 -2.38692
1035 2 -1.098 -77.8797 -91.6279 -59.5078 -3.00548 2.6512 1.90995
1036 2 -1.098 -80.7615 -94.138 -59.6825 -0.377403 -7.0464 -2.88047
1037 2 -1.098 -78.5086 -89.3793 -58.1936 -8.31859 -3.81971 -0.71397
1038 1 2.196 -79.3328 -93.0683 -56.7016 -0.301889 -1.27875 1.72744
1039 1 2.196 -77.3214 -90.7373 -55.0326 -4.43577 0.105295 -1.62633
1040 2 -1.098 -77.8955 -91.759 -56.6493 -1.03067 5.08802 0.646871
1041 2 -1.098 -80.8315 -94.2747 -56.8402 -2.28873 -3.08426 -3.47426
1042 2 -1.098 -78.7274 -89.3789 -55.1807 -8.45428 -3.70622 1.98212
1043 1 2.196 -79.3972 -93.2697 -53.6587 1.56797 -4.47329 0.625085
1044 1 2.196 -78.0644 -91.042 -52.1651 -0.892358 4.00206 -2.50219
1045 2 -1.098 -77.9557 -92.0875 -53.8948 -2.34972 -0.568773 1.81662
1046 2 -1.098 -81.0326 -94.2014 -53.8017 -3.07958 -1.56714 0.390148
1047 2 -1.098 -76.8834 -90.0887 -53.3133 -1.74276 3.03322 2.07005
1048 1 2.196 -79.2857 -93.3863 -50.3078 2.64789 -1.56674 4.3015
1049 2 -1.098 -77.9906 -91.9407 -50.6183 -3.04296 -3.6458 0.340046
1050 2 -1.098 -80.9262 -94.3186 -50.8974 0.367634 2.07408 3.82294
1051 2 -1.098 -78.8368 -89.3554 -51.8706 8.82869 -3.14677 8.54368
1052 2 -1.098 -79.7424 -94.66 -48.8685 -2.78396 2.22153 5.2246
1053 1 2.196 -79.5815 -88.4895 -65.7476 5.44015 -1.86849 2.55433
1054 2 -1.098 -80.8334 -89.7735 -65.7857 -7.50094 3.99037 -9.28646
1055 2 -1.098 -77.4319 -84.6686 -63.1192 -3.46746 -7.41645 -1.03488
1056 1 2.196 -79.1409 -88.5095 -62.7792 -2.59336 -3.84109 3.88452
1057 1 2.196 -77.0094 -85.9484 -61.6685 2.30774 -2.64319 2.22219
1058 2 -1.098 -77.7278 -87.355 -62.5239 2.48635 -2.19638 -0.215938
1059 2 -1.098 -80.6327 -89.8636 -62.8527 -7.61946 3.42743 -2.31059
1060 2 -1.098 -78.4176 -84.887 -60.9923 1.54447 2.35331 -0.504597
1061 1 2.196 -79.3733 -88.5075 -59.7596 0.932033 -3.73118 -2.6615
1062 1 2.196 -76.9818 -86.211 -58.4316 1.93103 1.98118 0.00339861
1063 2 -1.098 -77.9562 -87.2468 -59.6033 -4.26171 -2.0657 5.58133
1064 2 -1.098 -80.6447 -89.9399 -59.7655 2.50372 -0.981934 4.64641
1065 2 -1.098 -78.2989 -84.6388 -58.1954 -0.588783 0.0603783 2.83419
1066 1 2.196 -79.4331 -88.4495 -56.7247 -2.80377 -2.34649 -0.825488
1067 1 2.196 -77.2538 -86.2216 -55.3955 -2.20936 0.0406355 -4.1134
1068 2 -1.098 -78.1177 -87.1443 -56.7931 -2.21099 0.215813 3.28511
1069 2 -1.098 -80.7282 -89.8323 -56.796 -4.29038 2.30109 -3.3726
1070 2 -1.098 -78.2701 -84.723 -55.3817 -0.565876 -3.34831 -0.437287
1071 1 2.196 -79.3435 -88.376 -53.5826 -1.95282 2.09617 1.84798
1072 2 -1.098 -77.9254 -87.158 -53.8981 8.01865 -9.32092 -0.183046
1073 2 -1.098 -80.7852 -89.7297 -53.7547 -0.506565 -0.400511 0.574251
1074 2 -1.098 -78.271 -84.6835 -52.5296 -0.148092 -2.4196 1.23777
1075 1 2.196 -79.816 -88.3026 -50.4688 -1.59209 -0.923874 2.03874
1076 2 -1.098 -78.4755 -87.0544 -50.2247 -2.78906 4.9011 6.03181
1077 2 -1.098 -80.9712 -89.7077 -50.6714 -0.111295 6.61151 -0.399986
1078 2 -1.098 -81.4605 -89.3747 -47.907 0.71729 2.00962 -0.972914
1079 2 -1.098 -80.3221 -85.6669 -65.6275 2.84476 6.04801 4.87453
1080 1 2.196 -79.0616 -83.9457 -62.7164 1.9568 3.30897 -0.275147
1081 2 -1.098 -80.5601 -85.3532 -62.6488 -4.42658 0.843294 6.82484
1082 1 2.196 -79.4368 -84.011 -59.6729 -0.494013 -3.72124 -3.12255
1083 2 -1.098 -76.1181 -85.8032 -60.0861 1.85166 -5.06031 -2.29275
1084 2 -1.098 -80.6769 -85.3556 -59.7744 -1.60193 -2.4519 5.21576
1085 1 2.196 -79.3754 -83.9976 -56.682 0.026399 -4.11197 -4.26148
1086 2 -1.098 -76.0873 -85.8375 -56.8509 -9.11305 9.4483 6.63579
1087 2 -1.098 -80.6966 -85.3855 -56.8255 1.79334 0.94343 -1.47214
1088 1 2.196 -79.5991 -83.8328 -53.5289 -0.118571 -1.59834 2.75264
1089 2 -1.098 -80.8635 -85.1859 -53.7369 -0.715226 -1.41504 -3.59163
1090 1 2.196 -78.6685 -85.3411 -50.8182 -2.54607 0.111467 0.859937
1091 2 -1.098 -80.5987 -85.1144 -51.1176 2.93816 -8.25258 10.4596
1092 2 -1.098 -78.9854 -83.7049 -49.9078 -3.63596 0.261283 2.63501
1093 2 -1.098 -80.234 -80.5171 -62.7103 -1.15963 2.55988 6.92719
1094 2 -1.098 -80.4199 -80.9109 -59.613 4.24702 7.22685 1.82966
1095 2 -1.098 -80.7225 -80.964 -56.6824 6.98175 2.54575 3.97964
1096 2 -1.098 -80.8118 -80.9136 -53.7692 -1.34179 5.09586 -0.110837
1097 2 -1.098 -76.0414 -90.1535 -59.5889 3.83946 -2.22477 0.457652
1098 2 -1.098 -76.2246 -90.0594 -56.4708 3.78039 -2.0972 2.89671
