1 1 2.196 -94.8372 -91.1469 -59.1801 0.369719 1.17924 -0.489631
2 2 -1.098 -93.2585 -91.801 -58.078 1.07408 1.77565 12.4732
3 1 2.196 -95.3291 -90.6889 -56.222 4.38467 -0.851834 -3.68238
4 2 -1.098 -96.0214 -91.5562 -57.7288 0.954662 -0.832323 -6.48889
5 2 -1.098 -94.0142 -91.8082 -55.5797 3.21833 5.07312 -5.16113
6 2 -1.098 -93.0955 -86.8991 -61.4148 1.87993 4.25867 0.990928
7 1 2.196 -93.2861 -85.6361 -59.9733 2.28577 -0.753471 -1.15183
8 2 -1.098 -93.9438 -86.8506 -56.4018 4.50206 -1.63154 -5.74555
9 2 -1.098 -95.0766 -89.7175 -54.7304 1.70778 -8.57362 -4.40863
10 2 -1.098 -93.9843 -92.615 -60.0789 -3.90073 -2.84421 4.5305
11 1 2.196 -90.6372 -94.9546 -57.6657 0.194451 -0.171669 3.77742
12 2 -1.098 -92.225 -93.9838 -57.7465 -3.8355 -5.42174 -1.4503
13 1 2.196 -91.5802 -95.4027 -54.3998 0.978598 -1.72099 -0.24327
14 2 -1.098 -91.4306 -95.8334 -56.1278 5.06102 3.03414 0.767806
15 2 -1.098 -91.9924 -93.6367 -54.9496 -7.49811 -4.2738 -0.0101065
16 1 2.196 -90.2416 -89.8603 -64.43 -5.251 -1.25649 2.84199
17 1 2.196 -90.5989 -90.6937 -61.6258 0.419506 -2.41638 1.32302
18 2 -1.098 -91.1597 -91.1547 -63.456 1.59909 1.08007 0.918897
19 2 -1.098 -91.741 -89.0893 -61.5967 -4.79208 3.41214 -0.501371
20 2 -1.098 -89.4175 -92.0826 -61.2784 -1.38719 -5.24047 2.87252
21 1 2.196 -92.2724 -93.0086 -59.4906 1.34411 -3.46647 0.74457
22 1 2.196 -90.6056 -90.3577 -58.444 0.130122 0.482733 -2.15178
23 2 -1.098 -91.3993 -91.4488 -59.8973 1.12464 -2.54685 -0.411145
24 2 -1.098 -92.1759 -89.2586 -58.5915 0.754788 5.55517 0.482715
25 2 -1.098 -89.289 -91.6749 -58.4219 -0.533431 2.44443 0.529854
26 1 2.196 -92.6423 -92.6011 -56.46 1.2633 2.59239 -2.74242
27 1 2.196 -90.6038 -90.1477 -55.4214 -1.42746 1.76845 -0.446083
28 2 -1.098 -91.1018 -91.4083 -56.7752 0.69907 2.79142 1.6747
29 2 -1.098 -92.3856 -89.3776 -55.6206 -4.26031 -2.62796 2.23915
30 2 -1.098 -89.1341 -91.5394 -54.9426 -0.550844 -3.47933 -1.64112
31 1 2.196 -92.055 -92.7433 -53.0467 -0.955852 -0.498537 -0.22555
32 1 2.196 -89.0674 -90.9682 -52.8458 1.16076 2.76251 1.40613
33 2 -1.098 -90.1086 -92.6736 -52.8047 3.25505 3.98959 2.53375
34 2 -1.098 -91.6076 -91.182 -54.2212 2.34866 -0.910332 1.84633
35 2 -1.098 -87.6634 -92.3601 -53.1534 6.24454 6.02894 0.150938
36 2 -1.098 -90.8389 -88.1828 -63.8714 5.30407 0.644486 -1.95397
37 1 2.196 -91.2511 -87.3648 -62.155 2.90332 2.02843 0.816987
38 1 2.196 -90.5795 -84.0994 -61.6194 -1.11519 1.70377 -1.66181
39 2 -1.098 -90.9735 -85.6692 -62.6377 4.26296 -0.127014 -2.11343
40 2 -1.098 -92.2693 -84.2944 -60.7766 -2.11066 0.524548 -0.39567
41 2 -1.098 -89.3514 -87.6259 -61.7219 7.0564 -2.54609 3.72942
42 1 2.196 -92.9223 -88.464 -60.1821 -1.34405 2.87099 2.1062
43 1 2.196 -90.4872 -86.1095 -58.513 3.0525 -0.24078 2.79178
44 2 -1.098 -91.2525 -87.2181 -59.9209 -5.15361 -1.03949 -1.53611
45 2 -1.098 -94.3638 -89.7193 -60.3002 5.46116 -2.03009 3.03153
46 2 -1.098 -92.1529 -85.2753 -58.3719 0.0569714 0.498725 2.95349
47 2 -1.098 -89.0941 -87.3996 -58.3328 -0.303733 -3.7649 -2.76291
48 1 2.196 -93.075 -88.3 -57.1594 -6.11064 -0.808703 -1.91091
49 1 2.196 -90.8321 -86.1937 -55.4075 -0.5442 1.29822 3.8322
50 2 -1.098 -91.3453 -87.2531 -56.9334 1.48674 -1.43522 -0.501708
51 2 -1.098 -94.5918 -89.5113 -57.4616 1.64695 -4.68116 5.63634
52 2 -1.098 -92.2783 -84.9217 -55.6336 3.70564 3.64004 -2.55296
53 2 -1.098 -88.9478 -87.2447 -55.3451 -2.74677 4.42604 0.0749479
54 1 2.196 -93.3419 -90.0872 -53.9865 2.85865 -3.06258 -2.2149
55 1 2.196 -90.7093 -88.2779 -52.474 -0.0379501 -2.58602 2.17062
56 2 -1.098 -92.3289 -89.1891 -52.7701 3.27092 2.65344 -13.2603
57 2 -1.098 -93.4692 -91.5952 -52.8287 6.24829 -2.1046 -1.72499
58 2 -1.098 -88.9428 -87.6032 -52.4505 -4.29213 3.3965 -10.5941
59 2 -1.098 -93.5734 -87.3404 -58.9197 -4.23557 -1.37921 5.09435
60 2 -1.098 -88.1537 -82.8016 -58.1997 -1.56724 1.69052 -4.37721
61 1 2.196 -93.5631 -85.1226 -57.0342 3.00445 1.84191 1.81766
62 2 -1.098 -94.5175 -84.9965 -58.6772 -2.93296 -2.72816 -4.03068
63 2 -1.098 -87.6192 -94.2261 -60.2919 -1.88748 6.26909 -4.11067
64 1 2.196 -87.2685 -95.4603 -58.5048 -8.04802 -2.8127 -0.921006
65 2 -1.098 -87.857 -93.6026 -57.9692 -4.55926 -2.5621 -3.63356
66 2 -1.098 -89.8403 -95.0751 -53.9898 6.882 4.38017 5.41521
67 2 -1.098 -88.6561 -89.0324 -64.9196 -1.48569 -0.719951 1.55445
68 1 2.196 -85.8686 -93.5168 -60.0011 -0.242876 4.53027 -0.0108619
69 1 2.196 -86.154 -90.682 -61.3681 0.275342 -3.55009 -0.32734
70 2 -1.098 -85.4986 -92.4233 -61.493 -4.91167 0.526816 -2.50512
71 2 -1.098 -87.2789 -89.1547 -61.4052 3.29364 -6.60949 -0.405577
72 2 -1.098 -85.678 -95.2753 -59.4379 3.65564 0.618374 0.279079
73 1 2.196 -88.8358 -92.9094 -59.7421 -2.89123 0.647692 1.42651
74 1 2.196 -86.2055 -90.7249 -58.3091 0.252362 0.190197 3.15452
75 2 -1.098 -87.0942 -91.7761 -59.8531 -5.72319 -7.64407 0.268781
76 2 -1.098 -90.5571 -93.839 -59.4102 4.96637 -11.2452 0.924114
77 2 -1.098 -87.5835 -89.3593 -58.4924 -4.41563 -0.322352 -2.01747
78 2 -1.098 -85.4931 -92.7682 -58.2033 -2.56351 0.809953 4.71856
79 1 2.196 -88.7258 -92.2694 -56.6502 -1.17905 -0.0576185 -1.18388
80 1 2.196 -85.4497 -88.687 -55.5146 -4.10837 0.197509 0.981045
81 2 -1.098 -87.01 -91.5044 -56.6972 -0.972786 -1.64796 -4.55636
82 2 -1.098 -89.9919 -93.6123 -56.5682 -2.66873 -2.99281 0.31117
83 2 -1.098 -87.3324 -89.2076 -55.5775 -1.61766 -5.48724 -2.95158
84 2 -1.098 -85.3148 -92.5496 -55.1315 -5.17018 0.829436 -2.816
85 1 2.196 -88.8848 -93.5388 -54.063 2.72368 -0.552028 -3.17583
86 1 2.196 -86.2892 -91.3691 -54.0686 -0.0325519 3.01006 0.0482949
87 2 -1.098 -87.6824 -93.5238 -55.3942 -1.72505 2.29326 -7.62957
88 2 -1.098 -92.2665 -94.6158 -52.7772 2.75755 6.83935 -0.492134
89 2 -1.098 -87.4356 -89.9186 -53.2032 1.16889 0.21344 -2.10997
90 1 2.196 -88.2832 -88.3566 -63.1311 2.16452 -1.19514 0.738611
91 1 2.196 -87.1761 -85.5961 -61.9308 0.260586 -0.950771 2.26529
92 2 -1.098 -87.4057 -86.8032 -63.2969 8.53707 0.489637 1.86931
93 2 -1.098 -89.243 -89.9263 -62.7923 5.01849 3.0034 -1.1789
94 2 -1.098 -88.6835 -84.4797 -61.9203 -0.613863 -0.937949 2.09363
95 2 -1.098 -85.4101 -86.2833 -61.4369 4.02598 0.283788 -2.00831
96 1 2.196 -88.4267 -88.2998 -60.0106 -0.865818 1.36047 0.824114
97 1 2.196 -86.1907 -85.7396 -59.1971 0.583576 0.920664 1.3996
98 2 -1.098 -87.5809 -86.6052 -60.2606 -0.349283 4.61761 -3.09844
99 2 -1.098 -89.7761 -89.6219 -59.8994 -1.69568 -2.29044 -4.90919
100 2 -1.098 -87.3736 -85.2229 -57.8874 0.100244 -4.10319 2.58404
101 2 -1.098 -85.6209 -87.5296 -59.3706 1.08669 -10.369 9.73593
102 1 2.196 -88.2182 -88.2851 -56.9977 1.75506 0.725867 -3.40893
103 1 2.196 -85.7316 -85.8991 -55.9928 -1.76555 1.88552 0.752857
104 2 -1.098 -86.5507 -87.3828 -56.9406 2.59627 1.31623 1.36956
105 2 -1.098 -89.711 -89.5107 -56.9529 4.04465 0.26658 5.53812
106 2 -1.098 -86.8453 -84.4921 -55.6103 -3.35903 -6.60991 5.39845
107 2 -1.098 -84.273 -87.3806 -56.154 -0.270955 -1.29404 -6.67079
108 1 2.196 -88.0147 -88.1444 -53.9551 -1.89647 2.3464 -1.24469
109 2 -1.098 -86.2594 -87.1909 -54.4953 4.53197 3.76343 6.75246
110 2 -1.098 -89.6791 -89.3484 -54.008 -1.10124 -1.78518 -3.78894
111 2 -1.098 -90.0137 -89.9171 -51.6716 0.612467 -5.29182 0.0837768
112 2 -1.098 -89.8215 -82.5378 -60.9295 -0.469261 0.0596174 -0.615875
113 1 2.196 -88.4486 -83.4312 -59.9547 -3.92225 1.45925 2.82892
114 2 -1.098 -89.7225 -84.779 -59.6374 -2.58461 -0.704963 -2.13636
115 1 2.196 -88.2128 -84.0079 -56.752 1.91248 3.39835 1.6944
116 2 -1.098 -89.7807 -85.1287 -56.8032 -1.487 2.01807 -1.55049
117 2 -1.098 -91.0943 -86.9442 -53.7798 -0.216779 2.70356 0.513509
118 2 -1.098 -89.0653 -95.9007 -58.2005 -0.848327 -0.165131 7.13564
119 2 -1.098 -83.2825 -87.9253 -59.6475 1.46237 4.61646 3.45626
120 1 2.196 -86.0883 -93.3835 -56.5688 0.0223421 0.450419 -3.61536
121 2 -1.098 -86.2286 -95.2393 -56.892 -3.55436 2.29109 -3.9528
122 2 -1.098 -84.9588 -89.4368 -62.2609 4.80988 -2.64647 4.08574
123 1 2.196 -84.6712 -88.0365 -61.0098 1.17446 0.361138 -4.56481
124 2 -1.098 -85.2615 -90.0462 -59.7778 -2.1064 1.57975 -1.10307
125 1 2.196 -84.1986 -87.8606 -58.0539 -1.63382 -0.747283 -0.838762
126 2 -1.098 -85.0336 -89.4577 -57.3025 -8.08898 -2.20319 2.11058
127 2 -1.098 -85.0515 -90.0386 -54.3824 6.89265 -3.70505 4.28161
128 2 -1.098 -86.8249 -84.3497 -60.2758 -4.09043 0.34635 -2.16198
129 2 -1.098 -84.8651 -85.6401 -57.7747 2.89964 -2.33382 4.45132
