1 1 2.196 -5.43182 -1.69526 -3.88302 2.57423 0.578783 0.794727
2 2 -1.098 -5.24586 -2.87722 -5.45997 4.36942 -1.19688 4.78518
3 1 2.196 -5.94058 -1.14399 -1.03709 1.18132 -0.348195 1.62746
4 2 -1.098 -6.67149 -1.84951 -2.54277 -0.959515 -3.35176 4.30573
5 2 -1.098 -6.43447 2.48706 0.389825 -1.90748 2.99991 -1.89503
6 2 -1.098 -4.7346 -2.56747 -0.922321 3.32006 1.84982 -5.66268
7 1 2.196 -6.70045 0.76999 1.28548 0.273946 -3.57936 -3.58845
8 2 -1.098 -7.25752 -0.306567 -0.157793 -0.239728 -2.21479 -1.67445
9 2 -1.098 -6.84038 2.04455 2.66569 -1.9728 5.91203 -5.04495
10 2 -1.098 -4.05834 -2.0923 2.4824 6.21407 5.96034 -2.75984
11 1 2.196 -5.16877 -1.16518 3.48742 0.662364 1.29337 -1.84909
12 2 -1.098 -6.6392 -0.662513 2.50367 -2.0744 2.2766 -1.42521
13 2 -1.098 -4.75887 -2.0644 5.07177 0.409235 -6.34436 -4.29362
14 1 2.196 -4.51736 3.77242 -3.70886 1.20149 -1.65073 0.100689
15 2 -1.098 -3.945 1.89135 -4.00682 -5.41869 1.36962 2.07862
16 1 2.196 -5.56328 3.36137 -1.07348 2.53392 -1.70664 2.41544
17 2 -1.098 -6.04152 3.14356 -2.79111 -1.25589 3.11556 -5.4048
18 2 -1.098 -4.16248 2.0973 -0.900188 -4.34572 -0.274607 -1.74018
19 1 2.196 -5.73822 3.37711 2.02744 2.17673 -1.07518 -1.22525
20 2 -1.098 -5.12613 4.50878 0.444647 -3.84805 -2.07379 0.165731
21 2 -1.098 -4.29211 2.0225 2.0764 -1.78817 -7.85413 -2.92102
22 2 -1.098 -3.81314 2.53938 5.16863 -2.74831 -0.917279 0.00552039
23 1 2.196 -0.838607 -5.31628 -3.78082 -1.67484 -0.445446 -0.190411
24 2 -1.098 -2.28336 -4.7521 -4.7875 10.045 0.767081 11.0395
25 1 2.196 -1.21615 -6.45669 -1.22514 0.924195 0.491678 -2.11272
26 2 -1.098 -1.34124 -7.00073 -2.97427 6.28607 -5.60797 -0.45269
27 2 -1.098 -2.1324 -4.92681 -2.11941 7.13293 -1.8345 4.64237
28 2 -1.098 0.450764 -7.30919 -0.752113 -1.00897 0.248242 1.72782
29 1 2.196 -0.519384 -6.36171 1.92846 -0.102759 -0.0300074 -0.365167
30 2 -1.098 -1.75065 -6.80885 0.539366 -1.47747 3.74604 -3.03788
31 2 -1.098 -1.38619 -4.70351 2.29896 -1.86803 3.66772 -3.39719
32 2 -1.098 1.17944 -6.54654 2.65777 3.85549 -2.27172 -8.30502
33 1 2.196 -1.558 -5.05504 4.34657 -0.0439872 2.84835 0.184675
34 2 -1.098 -1.34347 -6.70914 3.663 -3.28014 2.60345 -1.50103
35 2 -1.098 -1.93807 -4.09077 5.90631 -0.327108 -1.655 -0.490324
36 1 2.196 -0.94349 -1.48787 -6.74695 -0.317103 -0.293519 2.07407
37 2 -1.098 -2.08716 0.028854 -6.71123 2.04646 2.94628 1.13198
38 2 -1.098 -0.0699891 -3.15112 -6.54259 -1.26927 1.818 -5.11792
39 1 2.196 -3.52185 -3.52565 -5.19529 1.63033 -0.488164 0.251763
40 1 2.196 -1.23671 -1.50592 -3.70411 -1.09626 -1.96276 -5.39943
41 2 -1.098 -2.23537 -2.08808 -5.32373 1.05188 5.90839 -4.8892
42 2 -1.098 -2.40451 0.00780836 -3.7291 -2.90013 5.64148 2.66848
43 2 -1.098 -0.345749 -3.23431 -3.51058 -2.34107 2.47712 -4.89742
44 1 2.196 -3.33011 -3.57463 -1.6754 -2.11576 -0.426918 -0.995303
45 1 2.196 -1.20861 -1.33241 -0.519049 -0.947758 0.634463 -1.65825
46 2 -1.098 -2.08365 -2.1328 -1.98662 -6.30017 4.21208 0.821306
47 2 -1.098 -3.94653 -2.91797 -3.46175 -2.76295 -4.40037 3.88522
48 2 -1.098 -2.51563 0.0932778 -0.701075 0.928237 3.04072 -2.69058
49 2 -1.098 0.177279 -2.68785 -0.613527 -4.30963 2.61132 -2.39331
50 1 2.196 -2.87898 -3.52219 1.93695 0.213681 -4.55871 -4.34232
51 1 2.196 -1.03182 -0.92189 2.50048 -1.93825 0.258158 -1.0794
52 2 -1.098 -1.91261 -2.04573 1.12422 2.78606 4.53843 -2.71086
53 2 -1.098 -3.20771 -4.11579 0.157311 2.44287 2.60936 6.44926
54 2 -1.098 -2.47806 0.444117 2.30884 -4.96382 5.68998 4.99059
55 2 -1.098 0.34228 -2.26484 2.42342 -6.60343 -2.73408 -8.16532
56 1 2.196 -2.96537 -2.60862 5.25582 2.641 -4.23681 -1.96549
57 1 2.196 -0.731591 -0.451619 5.44827 -3.40677 -0.665491 0.936713
58 2 -1.098 -1.75704 -1.65236 4.11487 -2.2027 4.80235 -0.989566
59 2 -1.098 -3.09589 -3.96517 3.78579 4.50209 6.92413 1.80846
60 2 -1.098 -1.99611 0.940293 5.01639 0.389491 3.81144 -0.399278
61 2 -1.098 0.458367 -1.96087 5.58761 -3.37305 8.63094 0.885006
62 2 -1.098 -2.63441 -0.935312 6.34266 -0.849297 4.00601 -0.786585
63 1 2.196 -0.692725 2.76582 -6.75436 -5.55554 -2.7838 0.597691
64 2 -1.098 0.656501 1.60889 -6.72267 3.94537 -2.276 -1.45283
65 1 2.196 -3.19315 0.6191 -5.33362 -1.90788 0.602352 0.357889
66 1 2.196 -1.27145 2.9505 -3.96026 -0.42589 2.04485 -1.44763
67 2 -1.098 -2.03832 2.19888 -5.55101 -1.04218 3.85428 0.808146
68 2 -1.098 -4.64311 -0.483813 -5.12323 -0.807122 -2.32399 6.40377
69 2 -1.098 -2.68522 4.16605 -3.83361 1.2369 -5.52545 -6.34532
70 2 -1.098 0.13847 1.61354 -3.97519 1.56797 -1.04054 -3.49584
71 1 2.196 -3.36952 0.880428 -2.27595 -0.417694 -1.67804 -1.86381
72 1 2.196 -1.13565 3.32689 -0.97235 2.22238 2.06886 0.655151
73 2 -1.098 -1.92163 2.17198 -2.31368 -3.26565 -0.701158 3.7732
74 2 -1.098 -4.79951 -0.327767 -2.455 6.56927 3.623 -0.16188
75 2 -1.098 -1.91391 5.06977 -1.38667 7.30088 -2.04364 6.39108
76 2 -1.098 0.193607 1.905 -0.946731 -1.19296 5.08611 1.01782
77 1 2.196 -3.35061 1.18874 0.662966 0.786814 2.62665 1.86466
78 1 2.196 -0.94629 3.51947 1.81311 -1.29377 0.00292596 3.02873
79 2 -1.098 -1.71813 2.26252 0.544041 11.6074 -0.240364 5.0996
80 2 -1.098 -4.94211 0.123239 0.603198 -2.0013 0.889038 1.05674
81 2 -1.098 -2.60021 4.39128 1.10303 0.795366 -8.3331 1.47934
82 2 -1.098 0.502381 2.1878 2.0612 6.18162 -1.17532 1.31098
83 1 2.196 -3.25512 1.66458 3.60129 -0.715951 -0.153632 -3.65747
84 1 2.196 -2.61574 3.7738 6.05128 2.8454 -0.637994 -2.91832
85 2 -1.098 -2.1224 3.10815 3.22292 -2.3548 -2.15874 4.06109
86 2 -1.098 -4.3929 0.298938 4.50119 3.31588 5.07033 3.36214
87 2 -1.098 -2.83689 5.26357 4.91907 5.14726 5.97509 2.84951
88 2 -1.098 0.13757 0.0984595 6.97231 6.53845 0.209004 6.28959
89 1 2.196 -3.45098 0.826294 6.24233 -0.271756 -1.78086 -1.09223
90 2 -1.098 -2.94585 2.23307 7.3086 3.22322 6.27504 -6.0716
91 2 -1.098 -1.19 6.16184 -3.87332 -5.4613 -5.38453 -1.15306
92 1 2.196 -2.79413 5.903 -3.00945 0.790546 0.755222 2.44742
93 2 -1.098 -3.49086 6.86492 -1.45893 0.701418 5.73482 -5.34492
94 2 -1.098 -4.44412 5.59241 -4.10145 1.07424 2.7954 -4.2478
95 2 -1.098 0.858419 6.77741 1.37993 -2.18342 -1.7923 1.67181
96 1 2.196 -3.54136 5.59357 -0.123662 -0.6709 -0.123975 0.391952
97 2 -1.098 -3.37694 6.54936 1.56079 3.67243 -13.0768 0.972377
98 2 -1.098 -4.30777 4.54706 -1.90501 -3.64242 1.51496 -5.24098
99 2 -1.098 -0.939468 5.20454 2.81896 7.39093 0.243746 5.35055
100 1 2.196 -2.9303 5.27115 3.00369 -2.69486 -1.24765 0.968108
101 2 -1.098 -4.65399 4.50027 3.02487 -2.18908 7.85936 2.53031
102 1 2.196 4.19659 -4.29693 -1.49801 1.86142 -1.4065 1.09819
103 2 -1.098 2.18326 -3.30659 -4.22517 0.386689 3.23588 -8.94285
104 1 2.196 1.81431 -6.09746 -0.82688 -0.875502 -0.966617 2.16781
105 2 -1.098 3.22789 -5.73279 -2.04689 1.48235 -0.0488324 -2.02015
106 2 -1.098 2.21495 -4.14919 -0.726185 -6.8549 0.0310488 5.81006
107 1 2.196 2.87081 -5.76682 2.45469 1.10968 2.9084 0.266372
108 2 -1.098 2.90668 -6.2046 0.689278 6.74483 5.86255 1.55098
109 2 -1.098 2.10124 -4.06317 2.41603 2.91809 1.59709 1.48814
110 2 -1.098 2.37127 -3.65458 5.4652 6.48506 3.84541 -2.34875
111 1 2.196 2.50137 -1.35252 -7.49849 -2.44302 0.109051 -1.66104
112 2 -1.098 0.615506 -0.913997 -7.73037 -4.56249 8.12845 1.58758
113 1 2.196 1.32297 -3.93959 -5.79062 -2.18591 4.1745 -1.59003
114 1 2.196 3.15276 -1.63674 -3.76208 -0.503812 -5.02998 -1.54878
115 2 -1.098 2.41932 -3.09178 -7.10396 -2.53421 2.19126 4.68873
116 2 -1.098 0.569042 -5.40728 -4.97767 -4.14741 -1.49156 0.786867
117 2 -1.098 2.23144 0.056467 -3.60573 6.54624 4.46824 -2.20757
118 2 -1.098 2.36855 -0.906781 -5.68876 -10.0031 -3.06959 5.6304
119 1 2.196 1.1 -3.44144 -2.12984 0.815432 1.54751 -1.78648
120 1 2.196 3.33985 -1.12701 -0.670198 0.0519661 0.772984 2.16713
121 2 -1.098 2.41871 -2.08747 -2.10232 1.64223 0.151468 2.71824
122 2 -1.098 0.386925 -5.21751 -2.12571 0.171719 4.63567 2.37746
123 2 -1.098 1.94281 0.139318 -0.80851 0.663747 -2.87469 2.31355
124 2 -1.098 4.44833 -2.60394 -0.601858 0.186389 1.71016 2.85282
125 1 2.196 1.14655 -3.3596 0.920595 0.246712 -1.66292 -0.39349
126 1 2.196 3.45077 -1.05037 2.17327 4.97356 2.49232 2.95402
127 2 -1.098 2.46069 -1.88079 0.807987 -2.83029 -2.78637 -0.197924
128 2 -1.098 0.476752 -5.11482 0.552405 -3.02091 -4.45626 -0.149094
129 2 -1.098 2.15746 0.341093 2.00085 0.604027 -4.50902 3.50188
130 2 -1.098 4.77582 -2.38977 1.92119 -2.14846 -0.441986 -3.48717
131 1 2.196 1.31981 -3.01808 3.92325 1.54648 -2.57656 0.627521
132 1 2.196 3.85969 -0.788409 5.13757 -0.0143182 0.618205 -1.85182
133 2 -1.098 2.67294 -1.62271 3.80544 -7.87781 -0.289963 0.0869428
134 2 -1.098 0.0620735 -4.28777 4.36604 0.291114 1.33901 1.96599
135 2 -1.098 2.77285 1.01199 5.08667 -4.82906 -6.30421 -1.36849
136 2 -1.098 4.98976 -2.35981 4.8242 4.68452 -1.74356 -0.615235
137 1 2.196 1.57831 -2.79734 6.86671 -2.20964 -1.16758 1.30504
138 2 -1.098 2.69835 -1.23579 6.69449 -1.50999 0.313638 3.13329
139 1 2.196 1.22684 0.641343 -5.24311 -1.96333 -0.350579 2.0934
140 1 2.196 3.18193 3.10593 -4.09799 -0.690989 -2.6911 3.51299
141 2 -1.098 2.81347 1.78772 -5.41573 -4.55908 -1.21954 -2.73012
142 2 -1.098 -0.16504 -0.795508 -5.13522 3.54849 0.391593 1.29918
143 2 -1.098 2.04375 4.56589 -4.35257 3.78632 -2.56009 -4.90616
144 2 -1.098 4.78078 1.72855 -4.17895 -1.07807 -4.31057 5.57714
145 1 2.196 1.06894 0.873136 -2.33165 -4.61919 0.276997 1.5965
146 1 2.196 3.29664 3.34579 -1.25102 -0.583489 3.01091 5.14278
147 2 -1.098 2.21038 2.42299 -2.64303 -0.499006 2.99521 5.66874
148 2 -1.098 -0.186684 -0.60771 -2.26583 0.46682 -3.07556 -3.2507
149 2 -1.098 2.60338 4.86289 -0.169955 1.12869 6.79631 2.84057
150 2 -1.098 4.39114 1.85067 -1.32455 4.76059 4.18044 9.91853
151 1 2.196 1.05004 1.08055 0.618973 -1.86408 1.36669 0.901647
152 1 2.196 3.03997 3.77276 1.60729 0.0625032 0.330558 1.65733
153 2 -1.098 2.3942 2.54715 0.37127 5.6392 3.18608 0.0295566
154 2 -1.098 -0.292241 -0.213704 0.837428 3.45223 4.83987 -1.22067
155 2 -1.098 1.87996 4.88852 2.57084 3.50491 -3.15952 3.27787
156 2 -1.098 3.3392 2.4893 2.97891 5.31135 -2.09824 -5.26643
157 1 2.196 1.54122 1.43324 3.51653 0.544944 -2.92181 1.22991
158 1 2.196 3.63305 2.15173 6.41101 -1.07138 0.872676 3.10189
159 2 -1.098 0.882475 2.87715 4.55129 5.91821 -0.349674 4.10326
160 2 -1.098 0.125804 0.0997808 3.82084 -1.95635 3.66747 0.0942999
161 2 -1.098 2.43188 3.51477 6.56042 -3.36408 -2.27832 4.97204
162 2 -1.098 4.89251 0.69955 5.87664 -8.58982 4.62631 -1.69633
163 1 2.196 1.64945 -0.14308 7.93997 1.31057 2.49985 -1.96552
164 2 -1.098 2.81636 1.20977 7.8519 -2.30549 -6.00331 -2.32081
165 2 -1.098 1.21479 -1.94521 8.45529 -2.15712 1.62486 0.252708
166 1 2.196 0.495414 5.38542 -3.72884 -1.57146 -2.34822 0.206568
167 2 -1.098 -0.345165 4.01877 -5.33297 -1.28205 3.06172 -0.256076
168 1 2.196 1.03999 5.82739 -0.211813 -2.3972 0.325203 -1.27477
169 2 -1.098 1.05183 6.00609 -2.08314 -0.572608 6.50206 3.0225
170 2 -1.098 -0.218742 3.89379 -2.76555 1.6013 3.32606 -0.887294
171 1 2.196 0.671765 6.11495 3.12439 3.78567 0.768374 -0.373039
172 2 -1.098 0.897589 5.81397 4.87677 -7.42874 0.360521 -0.936762
173 2 -1.098 -0.115843 4.38606 0.29186 7.30357 0.0400728 -0.118998
174 1 2.196 0.897328 4.2065 5.81657 -3.23712 0.965838 -1.31843
175 2 -1.098 -0.848018 4.09462 6.40513 1.18385 -0.920308 0.146633
176 2 -1.098 4.69598 -0.987425 -4.67319 4.04033 1.63411 -5.28239
177 1 2.196 6.01528 -1.67622 -2.69295 5.32595 -2.22952 0.609178
178 2 -1.098 6.79271 -1.87572 -1.02615 -1.06405 -4.55715 10.7761
179 2 -1.098 4.60215 -3.0342 -2.96143 2.0716 -6.47692 2.09922
180 2 -1.098 6.75512 -0.152724 -3.40099 -0.279135 -11.394 -8.02508
181 1 2.196 6.09307 -2.90896 0.480408 2.00637 -0.191479 -1.78501
182 2 -1.098 6.81213 -3.5819 2.14424 1.0952 1.16991 -1.08684
183 2 -1.098 5.76845 -4.47088 -0.547581 7.56774 -3.17983 -1.4246
184 2 -1.098 5.87535 1.80467 2.21165 1.71601 3.27247 -1.7133
185 1 2.196 5.49044 -3.4824 3.44366 2.50799 -2.61479 -0.704248
186 2 -1.098 4.38873 -4.97045 3.19799 0.894614 10.4541 2.30528
187 1 2.196 4.3254 0.551304 -5.66636 -3.27114 -3.40295 2.39216
188 2 -1.098 3.92322 -0.113962 -7.47737 -3.44791 3.65251 8.69196
189 1 2.196 5.73936 1.19898 -2.60268 0.513409 -1.58851 -0.86511
190 2 -1.098 4.53611 -0.542197 -2.2055 1.15662 -0.0185405 -3.39604
191 1 2.196 5.34459 1.65434 0.357501 -5.1781 -2.44832 -4.02855
192 2 -1.098 6.65454 1.45755 -1.00369 5.08419 -4.71874 -2.26233
193 2 -1.098 4.33619 -0.00140645 0.61103 1.03229 -1.63904 0.46498
194 1 2.196 4.94604 1.76673 3.82213 -1.84024 -0.657268 2.23774
195 2 -1.098 4.46621 -0.0303469 3.49001 -2.45333 4.45106 -0.868402
196 2 -1.098 4.15444 4.01846 -2.75102 1.66198 -7.39395 -4.37077
197 2 -1.098 4.62646 3.41779 0.463292 -5.39047 1.67812 -0.398086
198 2 -1.098 4.75504 3.0481 5.2068 -1.21541 -0.137665 -12.7659
