1 1 2.196 -90.9621 -90.8103 -59.0883 3.64682 -3.15652 2.77013 
2 2 -1.098 -92.5835 -90.0265 -58.4199 -2.90577 -1.23643 0.357616 
3 2 -1.098 -90.4739 -92.5887 -58.5829 -1.25103 1.7676 -6.67701 
4 1 2.196 -89.9036 -90.2646 -55.1351 0.762499 1.77341 0.353087 
5 2 -1.098 -91.5656 -89.4216 -55.1405 3.53444 6.48925 -3.14218 
6 2 -1.098 -89.4079 -92.0829 -55.4575 -7.68288 3.31484 1.82826 
7 1 2.196 -90.0473 -86.466 -57.9565 -0.823167 -1.38809 3.09109 
8 2 -1.098 -90.5027 -84.7903 -58.1026 1.68627 -2.85297 -6.00056 
9 2 -1.098 -89.3068 -87.5656 -59.321 1.64488 -0.336725 -3.07147 
10 1 2.196 -92.2054 -89.1887 -56.8435 -1.84411 2.00149 0.172 
11 2 -1.098 -91.3646 -87.7096 -57.4782 6.35549 -2.73057 -3.5964 
12 2 -1.098 -88.7047 -86.9961 -56.6936 -2.23001 -4.72354 4.07719 
13 1 2.196 -86.9963 -90.0304 -57.9388 2.04517 3.03382 -2.52987 
14 2 -1.098 -86.3591 -88.7475 -56.6687 9.33735 2.38371 1.60324 
15 2 -1.098 -86.968 -89.4871 -59.7494 -6.86453 0.868756 5.9495 
16 1 2.196 -89.0924 -91.9692 -57.3778 -1.12608 -4.58506 -1.58972 
17 2 -1.098 -87.1921 -91.7965 -57.5367 1.20694 1.86054 -5.13209 
18 2 -1.098 -88.4586 -89.9443 -56.4729 4.74521 1.34505 -0.424683 
19 1 2.196 -88.7759 -89.0998 -60.1796 -1.04483 -0.685888 2.1856 
20 2 -1.098 -90.4483 -89.8166 -60.5672 0.00274956 2.40705 1.06023 
21 1 2.196 -87.7798 -88.1746 -55.648 -1.36532 0.528075 -0.0231651 
22 2 -1.098 -88.9742 -90.5526 -58.7762 -0.436858 4.05509 -2.62982 
23 2 -1.098 -90.7125 -90.6454 -57.099 -8.8016 -4.13481 -1.5137 
24 2 -1.098 -88.7992 -88.9298 -54.2785 0.908502 -1.06112 4.06125 
