1 1 2.196 -50.6327 -50.6221 -31.8714 -2.63796 1.14012 4.72158
2 2 -1.098 -51.8816 -49.6211 -30.8976 -2.21269 2.82492 -7.75451
3 2 -1.098 -49.929 -52.2089 -31.2446 -0.370597 5.61755 2.55551
4 1 2.196 -50.8538 -50.4768 -27.3655 2.7843 3.83183 -1.63646
5 2 -1.098 -52.3628 -49.7611 -28.2448 5.48511 -1.54858 5.2999
6 2 -1.098 -49.8633 -51.6542 -28.4116 1.46126 -3.89574 0.633997
7 1 2.196 -49.5626 -45.8222 -35.5223 -4.49477 -1.00866 -0.239517
8 2 -1.098 -48.5713 -47.3905 -35.7513 -3.90472 1.60135 -6.57054
9 1 2.196 -50.7182 -46.1797 -32.5427 -1.91129 4.92311 2.30932
10 2 -1.098 -50.5934 -47.1706 -34.4974 2.13379 -1.62408 -3.49106
11 2 -1.098 -52.0906 -45.0582 -32.1763 -0.464811 5.20155 -0.294941
12 2 -1.098 -49.347 -47.3893 -32.4335 1.08133 2.59712 -7.12156
13 1 2.196 -50.5615 -45.8455 -29.4969 -1.08056 3.46216 -1.27546
14 2 -1.098 -51.3333 -47.0987 -30.7289 4.64258 5.15195 3.98268
15 2 -1.098 -51.8947 -44.4902 -29.6312 -5.95912 0.300567 -0.204734
16 2 -1.098 -48.9265 -47.0441 -29.5446 -9.47596 -4.72438 8.04355
17 1 2.196 -51.7712 -48.4956 -29.4503 1.79863 -1.27717 2.37885
18 1 2.196 -50.8176 -45.8872 -26.4584 -0.15164 0.353014 2.80303
19 2 -1.098 -51.6029 -46.9915 -28.1995 3.24147 -5.00623 -5.47998
20 2 -1.098 -52.0522 -44.5015 -26.7637 3.01676 5.8083 -3.26847
21 2 -1.098 -49.3076 -46.9623 -26.8057 3.26555 2.82656 -0.60424
22 1 2.196 -49.7494 -45.4343 -22.1235 2.53424 1.56732 2.86437
23 2 -1.098 -51.007 -47.2353 -25.0497 5.74303 -3.88924 -2.94978
24 2 -1.098 -51.3979 -44.9042 -22.758 -0.527026 -1.00383 -7.44771
25 2 -1.098 -49.2083 -47.1336 -21.815 -4.36762 -1.69183 5.89481
26 2 -1.098 -49.0522 -45.2168 -37.3446 0.0291365 7.79926 -2.92854
27 1 2.196 -50.152 -41.2989 -33.2438 -4.04111 -3.66263 0.680522
28 2 -1.098 -51.6724 -42.1423 -32.519 -5.13621 -0.563682 -3.00102
29 2 -1.098 -49.4896 -42.3279 -34.7234 -0.0534115 5.01841 2.79527
30 1 2.196 -51.7484 -43.4878 -31.2948 -3.7499 -1.85477 1.4368
31 1 2.196 -49.6873 -40.92 -29.839 1.43174 0.167513 0.510917
32 2 -1.098 -49.1464 -42.6615 -32.3296 3.73083 6.24784 -2.74162
33 2 -1.098 -51.3048 -42.153 -29.8261 6.70502 -0.0806808 -4.87784
34 2 -1.098 -49.0555 -42.7581 -29.5216 3.93293 0.743051 -1.66414
35 1 2.196 -51.5874 -43.3068 -28.0983 -1.86524 0.513877 -1.10527
36 1 2.196 -50.7042 -40.9583 -26.4288 1.18105 1.73329 1.3606
37 2 -1.098 -52.2358 -41.7538 -27.3185 7.13679 -4.88547 1.5424
38 2 -1.098 -51.3903 -41.9851 -24.915 7.50254 2.09749 -5.5396
39 2 -1.098 -49.7909 -42.5401 -27.045 -5.67773 1.24488 -1.68217
40 1 2.196 -51.1521 -43.5817 -24.059 -3.30813 -0.478058 2.50008
41 2 -1.098 -50.0852 -44.526 -25.2826 -0.0895204 -4.87265 3.75075
42 2 -1.098 -49.4613 -43.1634 -23.3479 0.294723 5.57072 -4.76313
43 2 -1.098 -48.3788 -37.8475 -33.2457 0.820969 4.92244 -2.7858
44 2 -1.098 -49.1928 -38.6294 -29.8969 -2.25366 3.72777 0.00302215
45 2 -1.098 -48.302 -37.6503 -26.6757 5.66625 -12.778 1.96396
46 1 2.196 -46.438 -50.2875 -33.449 -0.470115 0.665822 2.08724
47 2 -1.098 -47.3497 -49.3648 -34.9866 -1.84889 -4.05722 -2.06951
48 1 2.196 -44.4391 -51.7607 -31.3695 -1.85352 -5.29351 2.81018
49 2 -1.098 -45.4956 -51.6828 -32.832 -1.02201 -3.31502 7.2188
50 2 -1.098 -47.619 -49.2176 -32.5695 -1.05926 0.321827 4.37518
51 2 -1.098 -43.4705 -53.2261 -31.6752 5.69731 -1.10032 3.72496
52 1 2.196 -46.0035 -50.1755 -29.5417 4.53971 -0.121667 -0.801791
53 2 -1.098 -46.9985 -51.3575 -30.7646 -3.70223 1.77838 -2.48737
54 2 -1.098 -47.2946 -48.8736 -29.4526 -1.23518 4.81348 -1.29773
55 2 -1.098 -42.8014 -53.4329 -29.0517 -1.35274 -4.60154 0.968522
56 1 2.196 -48.6905 -51.6369 -29.8252 -1.77536 -3.33646 0.131235
57 1 2.196 -46.506 -50.4317 -26.6801 3.99495 -2.95861 -0.232834
58 2 -1.098 -47.286 -51.0627 -28.3378 4.79607 1.52913 -0.20636
59 2 -1.098 -47.8166 -48.9445 -26.4636 -1.51915 1.41288 -4.3755
60 2 -1.098 -44.7969 -51.7496 -29.4183 4.58937 -0.53115 -3.42982
61 1 2.196 -46.9401 -50.0396 -23.7101 -0.999382 -0.914248 0.14805
62 2 -1.098 -47.3252 -51.0798 -25.1009 -0.972964 -0.569218 -1.69397
63 2 -1.098 -48.329 -48.6865 -23.9273 -1.12224 -6.79407 0.693887
64 2 -1.098 -45.4642 -51.1499 -23.304 -2.04726 6.07416 3.74386
65 1 2.196 -46.6386 -47.6387 -35.5516 -1.65679 1.08104 0.680786
66 2 -1.098 -46.1869 -46.0352 -36.8069 2.4824 -10.1229 5.57666
67 2 -1.098 -47.9578 -44.6813 -35.4028 -4.63119 -0.549056 1.87983
68 2 -1.098 -44.6852 -47.3403 -35.3256 -4.72768 -9.43093 1.44845
69 1 2.196 -48.9317 -48.4376 -34.0657 -1.26519 2.40372 -0.597806
70 1 2.196 -46.0081 -45.932 -32.5939 -1.71913 -0.668272 -2.00428
71 2 -1.098 -47.096 -47.0857 -33.8881 -0.305553 -6.88393 4.80961
72 2 -1.098 -49.9875 -49.8212 -33.407 4.64937 6.42998 8.94144
73 2 -1.098 -47.4252 -44.6597 -32.4532 -0.98097 6.42486 -6.58454
74 2 -1.098 -44.5154 -47.2431 -32.3934 3.31411 -6.58302 0.0406514
75 1 2.196 -48.2108 -48.2245 -31.0136 0.462261 2.44126 -0.774845
76 1 2.196 -46.0524 -46.0109 -29.5046 -1.09226 3.00481 1.80504
77 2 -1.098 -46.7474 -46.9637 -31.0312 -6.90585 -1.85966 -1.0303
78 2 -1.098 -49.2624 -49.9002 -30.719 -4.81617 11.0371 5.23508
79 2 -1.098 -47.5079 -44.6847 -29.452 -0.745822 3.07301 0.662311
80 2 -1.098 -44.6066 -47.3622 -29.5139 -7.28487 -6.67859 0.562284
81 1 2.196 -48.2746 -47.9662 -28.029 -4.16547 0.786341 0.525467
82 1 2.196 -46.0667 -45.6897 -26.3759 0.0650024 3.28683 1.47726
83 2 -1.098 -46.759 -46.7615 -27.8713 -2.63152 5.722 3.20399
84 2 -1.098 -50.0141 -48.9607 -28.3681 2.99171 8.60604 -0.992686
85 2 -1.098 -47.5944 -44.5777 -26.3548 0.744625 -11.0756 -2.14722
86 2 -1.098 -44.5879 -47.1307 -26.4719 4.75008 1.07888 3.11704
87 1 2.196 -49.4392 -48.35 -25.3316 1.09443 -0.796358 3.4904
88 1 2.196 -45.4817 -45.3691 -23.4221 1.78608 0.697044 0.656341
89 2 -1.098 -46.5811 -46.6266 -24.6149 4.03577 -2.60945 -6.29902
90 2 -1.098 -50.1901 -49.9274 -25.7685 2.02084 -0.679699 -2.01401
91 2 -1.098 -46.7883 -43.887 -23.433 0.545403 -1.78537 -1.05693
92 2 -1.098 -44.2708 -46.8802 -23.3678 1.68479 1.32024 -2.84017
93 1 2.196 -47.6953 -47.2107 -22.9156 -0.465916 -3.74364 -0.684525
94 1 2.196 -43.9144 -45.3217 -20.3452 0.797054 -0.0626487 -2.09373
95 2 -1.098 -46.5785 -45.9965 -22.0567 6.32928 -4.62803 7.00684
96 2 -1.098 -45.5957 -44.8644 -19.6524 -2.03697 -4.82817 -2.0204
97 2 -1.098 -44.2063 -47.1828 -20.5961 0.0856235 -1.37615 8.53679
98 1 2.196 -47.2722 -44.5286 -37.1801 2.4097 -4.41067 -1.19021
99 1 2.196 -46.022 -41.6444 -35.6869 -2.68361 2.14265 -4.01041
100 2 -1.098 -46.516 -42.888 -36.9721 -2.54968 -1.07001 -0.149403
101 2 -1.098 -47.1896 -40.2072 -35.7055 -1.28105 -0.82986 -0.320606
102 2 -1.098 -44.4248 -42.7201 -35.6007 1.77587 2.61681 -4.21239
103 1 2.196 -48.3482 -43.5575 -33.9246 1.74746 -0.427934 0.0466528
104 1 2.196 -45.9889 -41.4001 -32.637 -1.42654 3.43259 0.913213
105 2 -1.098 -46.8422 -42.3633 -34.0749 6.12199 2.4768 0.527649
106 2 -1.098 -49.8613 -44.9717 -33.8078 -4.52233 2.01451 4.21835
107 2 -1.098 -47.4278 -40.0832 -32.9421 -0.603394 3.17368 6.13702
108 2 -1.098 -44.6078 -42.6847 -32.4815 -0.405081 -3.30875 -0.293016
109 1 2.196 -48.1737 -43.7062 -30.9359 1.15225 -0.00482233 -1.69493
110 1 2.196 -46.0926 -41.3728 -29.6023 -0.0688806 -0.0673151 0.236555
111 2 -1.098 -46.8442 -42.4475 -31.1494 7.09655 2.33965 -5.00574
112 2 -1.098 -49.7968 -44.8399 -31.0065 0.282779 -2.52593 0.309608
113 2 -1.098 -47.7814 -40.4514 -29.5663 5.65571 -3.10474 0.757685
114 2 -1.098 -44.7633 -42.8036 -29.4518 -2.65181 -0.355238 6.3053
115 1 2.196 -48.3726 -43.6468 -27.8549 0.129207 0.253695 -0.707012
116 1 2.196 -46.0366 -41.4836 -26.6051 0.529291 2.23177 1.74095
117 2 -1.098 -46.8445 -42.4379 -28.0786 -2.24981 5.39274 0.535519
118 2 -1.098 -49.9553 -44.7519 -28.0652 2.08074 2.84153 -2.41906
119 2 -1.098 -47.5495 -40.1046 -26.7545 5.08727 -2.12655 1.89079
120 2 -1.098 -44.4982 -42.5469 -26.5323 5.27195 0.407449 -1.42399
121 1 2.196 -48.2719 -43.8886 -24.7064 0.132498 -0.801531 -1.57407
122 1 2.196 -46.1985 -41.7047 -23.5633 0.187361 3.99622 0.00235443
123 2 -1.098 -47.1596 -42.2811 -25.2378 2.34827 -3.90665 -0.160589
124 2 -1.098 -48.6489 -45.6485 -23.6373 2.10147 -5.30214 0.678055
125 2 -1.098 -47.4492 -40.2774 -23.6455 -6.55995 -1.52914 2.99836
126 2 -1.098 -44.562 -42.6831 -23.6761 -1.36606 0.411864 -2.03019
127 1 2.196 -46.7451 -44.3026 -21.0151 1.47419 -2.46748 -1.5197
128 1 2.196 -44.1106 -42.0749 -21.5029 -1.78435 -1.03039 0.935534
129 2 -1.098 -46.0232 -42.5601 -21.3612 -0.861343 -7.88681 3.74987
130 2 -1.098 -48.6184 -44.4798 -20.9989 -9.77024 1.05412 -5.57234
131 2 -1.098 -43.1335 -43.4147 -20.5505 2.32751 1.95982 1.53022
132 1 2.196 -48.0676 -39.2026 -34.5052 -0.783431 0.770356 0.325717
133 2 -1.098 -49.8882 -39.7717 -34.2822 2.23595 -0.00231884 2.13324
134 2 -1.098 -44.5356 -38.2752 -32.7221 3.62709 -2.26406 3.65364
135 1 2.196 -48.3876 -38.679 -31.5173 -1.557 0.142918 -0.227277
136 1 2.196 -45.9001 -36.82 -29.7811 4.61436 -2.23308 -0.907719
137 2 -1.098 -46.9613 -37.5905 -30.9947 -2.40894 -0.750557 -0.716257
138 2 -1.098 -49.6453 -40.3191 -31.584 8.96957 6.57527 1.58246
139 2 -1.098 -44.4551 -37.9508 -29.7754 -0.89918 3.24476 -2.65311
140 1 2.196 -48.41 -39.0307 -28.1974 -2.94128 -0.72033 -2.83388
141 1 2.196 -46.4531 -37.1171 -26.8509 1.1854 -2.95296 -0.948334
142 2 -1.098 -46.7639 -38.0737 -28.483 -5.13777 2.48063 -7.38956
143 2 -1.098 -49.8813 -40.2145 -28.1026 -2.74555 -2.6504 -11.691
144 2 -1.098 -44.6631 -37.8169 -26.856 -6.12384 -2.93122 0.333142
145 1 2.196 -48.0104 -39.1899 -25.0799 -0.0255044 -0.360225 1.08289
146 2 -1.098 -46.3708 -38.2127 -25.2469 0.276319 3.29821 0.788576
147 2 -1.098 -49.7383 -39.6269 -25.5299 -1.56142 0.617988 0.803727
148 2 -1.098 -44.8086 -40.609 -22.5822 4.33206 5.17385 -4.29712
149 2 -1.098 -42.5887 -46.8624 -36.6849 -3.53375 -3.9207 -1.19826
150 1 2.196 -41.2478 -50.2988 -32.3907 1.01317 0.0494707 1.61293
151 2 -1.098 -41.0786 -52.1058 -32.3357 3.38233 1.18972 4.13932
152 2 -1.098 -42.7624 -49.1194 -32.5383 0.796868 2.51716 0.275801
153 1 2.196 -41.8475 -52.9417 -30.7327 -1.57705 0.648568 -1.97736
154 1 2.196 -41.2882 -50.2733 -29.3986 -1.81099 1.08969 1.66976
155 2 -1.098 -42.6436 -51.0517 -30.7137 6.68157 -1.18102 -0.427547
156 2 -1.098 -42.6898 -48.9022 -29.4201 -0.503231 2.40926 4.23437
157 2 -1.098 -40.647 -51.9274 -29.7504 2.94165 0.429302 -2.6637
158 1 2.196 -43.6669 -52.2413 -27.9796 5.56666 -2.78539 -4.92802
159 1 2.196 -41.4146 -50.2306 -26.2913 -0.133038 1.91126 1.35805
160 2 -1.098 -42.2753 -51.0627 -27.8467 4.15904 -4.5145 1.04726
161 2 -1.098 -42.9361 -48.9622 -26.3899 -3.34513 2.86068 -0.44385
162 2 -1.098 -42.4697 -51.3045 -25.199 -0.244526 -4.78526 -5.12941
163 1 2.196 -44.1175 -50.9498 -24.5772 -1.58096 2.6368 -1.13398
164 2 -1.098 -44.797 -51.604 -26.4951 -5.88694 1.02719 -2.95978
165 2 -1.098 -43.6809 -49.3327 -23.6356 1.45694 -2.15907 4.96577
166 1 2.196 -44.2322 -45.9777 -36.5078 5.40934 -1.1714 -7.32506
167 1 2.196 -41.291 -45.9606 -35.6038 -2.70056 0.843057 2.7089
168 2 -1.098 -41.1657 -44.4976 -36.8874 0.942992 0.0727869 -2.36304
169 2 -1.098 -43.0641 -44.7647 -35.442 1.75273 0.0559461 8.36784
170 2 -1.098 -39.6751 -46.9537 -35.2778 -1.64275 2.22211 7.07673
171 1 2.196 -43.6119 -48.0334 -33.9221 -1.16885 -1.36223 -2.71113
172 1 2.196 -41.4425 -45.8841 -32.492 3.25534 2.822 0.142726
173 2 -1.098 -42.1378 -46.9794 -34.0709 4.07849 1.56866 0.0524605
174 2 -1.098 -44.9617 -49.3558 -33.9663 6.46643 -3.45023 0.0813426
175 2 -1.098 -42.8496 -44.4977 -32.4927 -0.176428 -0.24554 4.79184
176 2 -1.098 -39.9804 -47.2312 -32.41 -2.50528 -2.55923 -4.57564
177 1 2.196 -43.6059 -48.2439 -30.9759 -1.0999 -0.640619 0.470323
178 1 2.196 -41.334 -45.8352 -29.4342 -0.552831 -1.00158 7.09489
179 2 -1.098 -42.2756 -46.774 -30.9639 2.34402 0.913077 -1.25234
180 2 -1.098 -44.8696 -49.7274 -30.9638 1.8253 -1.76256 4.52483
181 2 -1.098 -42.8652 -44.6452 -29.4838 1.26181 0.322163 -0.644592
182 2 -1.098 -40.0037 -47.1592 -29.3186 -0.459473 -6.40449 1.35507
183 1 2.196 -43.6406 -48.0538 -27.9374 -3.75157 -1.37309 -0.96538
184 1 2.196 -41.3376 -45.6752 -26.3263 1.12609 -3.73547 -1.21347
185 2 -1.098 -42.3078 -46.6921 -27.8322 -1.56091 -3.48011 -3.23695
186 2 -1.098 -45.2623 -49.488 -27.9252 4.61553 -0.53166 -3.34218
187 2 -1.098 -42.7882 -44.3604 -26.4346 2.22427 0.133961 -1.96056
188 2 -1.098 -40.0934 -47.0775 -26.3547 -2.24989 1.49151 2.41968
189 1 2.196 -43.8374 -48.0059 -25.0007 -4.91306 0.179142 1.17616
190 1 2.196 -41.9793 -46.3472 -23.1528 0.775904 -6.90452 -1.11913
191 2 -1.098 -42.3042 -46.7375 -24.9689 -3.0201 -1.97003 -0.447145
192 2 -1.098 -45.4421 -49.4973 -25.1365 3.30715 -6.62678 1.11113
193 2 -1.098 -42.5042 -44.4103 -23.4979 1.05205 -1.34461 -3.26953
194 2 -1.098 -40.1478 -46.7582 -23.4919 -1.00394 3.08904 -1.47843
195 1 2.196 -44.2058 -48.3733 -22.0748 1.38874 -1.91294 -2.38808
196 2 -1.098 -42.3332 -47.892 -22.2763 1.72998 -0.856835 1.0123
197 2 -1.098 -46.193 -48.6233 -22.5939 3.25218 2.38985 1.63174
198 2 -1.098 -42.2581 -45.5201 -21.3353 -0.838786 2.13115 3.11828
199 1 2.196 -42.7371 -43.4598 -36.967 2.27809 0.216939 0.235842
200 1 2.196 -41.2499 -40.9808 -35.2787 2.20584 -0.3692 -3.42778
201 2 -1.098 -42.0164 -41.8206 -36.6877 4.78391 -0.365329 -3.95597
202 2 -1.098 -44.1033 -44.5804 -37.7021 0.573484 3.43045 -1.09384
203 2 -1.098 -42.5393 -39.5992 -35.2156 2.45896 0.766783 -0.999192
204 2 -1.098 -39.7215 -42.0929 -35.0032 -6.07237 -0.696899 4.7457
205 1 2.196 -43.7628 -43.6434 -34.0018 -0.0134402 0.432597 -0.827401
206 1 2.196 -41.6706 -41.5272 -32.3741 -1.83842 -0.993808 0.191376
207 2 -1.098 -42.3506 -42.3354 -34.0157 -0.249636 0.748306 5.84249
208 2 -1.098 -45.1915 -44.9883 -34.0031 -1.03727 2.24187 3.42699
209 2 -1.098 -43.2455 -40.3405 -32.496 -3.17274 -0.0372374 -1.1284
210 2 -1.098 -40.1722 -42.6748 -32.4735 -1.63548 -2.55863 0.845326
211 1 2.196 -43.7712 -43.7084 -30.9301 0.370953 -0.618241 -0.798599
212 1 2.196 -41.6167 -41.3614 -29.5502 3.92792 2.3189 0.0393285
213 2 -1.098 -42.5496 -42.3101 -30.8874 -1.67984 3.20094 -7.47343
214 2 -1.098 -45.1295 -44.9802 -31.0276 4.8909 -0.741617 5.52485
215 2 -1.098 -42.9727 -40.0033 -29.6262 -3.13867 -1.54427 4.85668
216 2 -1.098 -40.3703 -42.8235 -29.69 1.44617 2.57152 -5.71719
217 1 2.196 -43.7755 -43.5957 -28.0025 0.658701 -1.04101 -2.41667
218 1 2.196 -41.7185 -41.1065 -26.5833 -1.34866 1.75401 1.14351
219 2 -1.098 -42.4725 -42.1591 -28.0332 -2.97803 8.19801 2.40577
220 2 -1.098 -45.085 -44.9578 -27.9849 -0.471389 -5.928 -0.528517
221 2 -1.098 -43.1767 -39.703 -26.5285 -4.93285 -4.58222 -7.77301
222 2 -1.098 -40.1871 -42.3596 -26.6022 -3.42859 -4.92802 -4.07576
223 1 2.196 -43.4696 -43.4266 -24.968 -1.03733 2.84592 -5.41604
224 1 2.196 -41.2139 -41.0043 -23.6432 2.25071 1.78506 0.954793
225 2 -1.098 -42.2901 -42.0422 -25.021 0.674231 -1.53425 2.61313
226 2 -1.098 -44.9147 -44.7673 -25.1025 -8.21188 -4.98907 4.70343
227 2 -1.098 -41.9417 -39.5666 -22.7032 0.494668 -4.15547 2.22772
228 2 -1.098 -39.8128 -42.1653 -23.8286 4.36964 -3.78575 1.18939
229 1 2.196 -41.7287 -43.7681 -21.7866 3.51003 1.647 2.65822
230 2 -1.098 -42.2433 -41.9983 -22.3916 -2.76781 2.02014 6.91972
231 2 -1.098 -44.7081 -44.5676 -21.9431 8.10463 0.0991309 -0.877942
232 1 2.196 -43.8039 -39.2988 -33.9911 3.58677 1.46887 -1.32465
233 2 -1.098 -45.1711 -40.5267 -34.2552 6.13542 -7.10976 9.81877
234 1 2.196 -43.7689 -39.1205 -31.1493 0.425382 2.085 -1.7798
235 1 2.196 -40.1808 -38.5372 -28.2819 -0.468656 -2.7851 -0.697293
236 2 -1.098 -41.9806 -38.3117 -31.7756 -7.94012 1.99895 -6.62561
237 2 -1.098 -45.3308 -40.364 -31.1017 2.77656 2.28399 -1.99584
238 2 -1.098 -39.44 -38.9319 -29.9381 -3.21369 -1.53585 -2.62494
239 1 2.196 -43.6936 -38.8997 -28.1354 -1.867 -1.47796 -2.76115
240 2 -1.098 -41.9928 -37.8956 -28.3022 -1.38482 3.82132 5.39068
241 2 -1.098 -45.2073 -40.3707 -28.1569 0.655504 5.43455 -4.14374
242 2 -1.098 -38.6774 -38.8287 -27.3008 4.19864 -5.57191 -1.07316
243 1 2.196 -44.4848 -38.902 -25.2525 -4.52833 1.64409 0.88025
244 2 -1.098 -44.1083 -38.3637 -23.6205 -6.90503 -3.7363 -2.66756
245 2 -1.098 -45.2858 -40.6065 -25.1431 2.65837 -0.851519 -0.0151096
246 1 2.196 -43.6415 -39.2675 -22.0218 -0.304805 0.26987 -0.442993
247 2 -1.098 -43.5631 -40.438 -20.5864 -5.61444 4.65012 0.271213
248 2 -1.098 -45.9824 -35.8621 -28.2484 -1.8642 2.652 -0.757276
249 2 -1.098 -38.1667 -48.8033 -32.5928 -4.93429 10.2231 -4.25327
250 2 -1.098 -38.2301 -48.9328 -29.3918 0.392975 0.343128 -2.33589
251 2 -1.098 -38.1669 -48.6986 -26.1947 0.230943 -3.906 1.80418
252 1 2.196 -39.3559 -48.1701 -33.9146 2.04437 2.17757 1.7348
253 2 -1.098 -40.5722 -49.5089 -33.9902 3.82547 1.78471 3.5843
254 2 -1.098 -38.3396 -44.309 -32.7232 9.25022 6.806 4.98369
255 1 2.196 -38.769 -48.02 -30.9239 -4.41914 2.23546 2.6832
256 1 2.196 -37.1568 -45.5449 -29.1484 0.860479 -2.97758 -3.53887
257 2 -1.098 -37.5234 -46.5793 -30.5868 1.57108 -4.17788 1.16242
258 2 -1.098 -40.385 -49.4956 -30.9197 2.62013 -2.72744 -2.54736
259 2 -1.098 -38.3134 -44.1873 -29.4794 -8.93089 3.08859 -0.954283
260 1 2.196 -38.9794 -48.1173 -27.8114 0.711916 1.82492 3.61339
261 1 2.196 -37.3451 -45.4308 -26.2202 3.42471 0.856659 1.15585
262 2 -1.098 -38.0475 -46.5242 -27.6929 2.05904 2.87441 0.286608
263 2 -1.098 -40.4978 -49.4917 -27.8007 2.78191 -1.39164 4.48126
264 2 -1.098 -38.1479 -43.7662 -26.7459 1.17993 -2.63907 0.741497
265 1 2.196 -39.2866 -47.9471 -24.8363 -3.23895 -1.66955 -1.5556
266 2 -1.098 -38.0288 -46.4947 -24.7743 0.702956 6.42171 -3.37407
267 2 -1.098 -40.4332 -49.3519 -25.0004 -4.88796 -1.05912 2.03071
268 2 -1.098 -37.7427 -44.0883 -24.3814 -0.556668 -2.23808 2.03495
269 1 2.196 -39.3542 -43.5669 -33.9786 3.51548 -4.42283 -1.09634
270 2 -1.098 -40.7189 -44.8446 -34.1581 -4.40029 2.10094 -1.68654
271 1 2.196 -39.1343 -43.6128 -31.1188 -5.50333 1.79583 0.842397
272 1 2.196 -38.1017 -40.301 -30.3877 -1.0475 -0.249283 1.18417
273 2 -1.098 -38.1516 -42.0312 -30.9874 2.07356 -0.372689 -4.36728
274 2 -1.098 -40.48 -45.0738 -31.0676 -2.06635 -2.51186 3.7488
275 2 -1.098 -38.4449 -39.3342 -31.9931 0.0371623 -2.69327 -1.86429
276 1 2.196 -39.368 -43.2111 -28.13 0.716379 0.857576 0.58511
277 2 -1.098 -38.4269 -41.5242 -28.5001 -1.96282 4.06541 4.08316
278 2 -1.098 -40.5847 -44.7729 -27.9508 -1.50272 0.729643 -5.7787
279 2 -1.098 -36.8924 -39.622 -29.1061 -2.43162 9.45489 1.71858
280 1 2.196 -38.7334 -42.6419 -25.314 -2.91547 -3.30488 -0.461522
281 2 -1.098 -37.559 -41.2837 -25.9748 2.66116 -8.24325 -1.06206
282 2 -1.098 -40.099 -44.7401 -25.1218 6.96972 1.27383 -3.31038
283 1 2.196 -39.0404 -45.2053 -23.6447 3.58792 1.02974 -6.94324
284 2 -1.098 -40.0272 -44.4208 -22.3369 2.61503 2.33593 2.78327
285 2 -1.098 -40.7952 -40.2311 -33.5034 0.547526 -0.284146 6.64898
286 1 2.196 -40.2085 -38.9945 -31.9909 2.25745 2.76878 2.17476
287 2 -1.098 -40.868 -40.5476 -31.0248 -2.2381 -1.16183 -3.83947
288 1 2.196 -37.5789 -40.2397 -27.4143 -6.06611 4.13363 4.3029
289 2 -1.098 -40.8199 -40.3495 -28.169 1.44706 -4.36854 -2.01596
290 2 -1.098 -40.832 -40.1025 -25.2121 -1.50165 5.27383 4.22616
291 2 -1.098 -36.0773 -45.1369 -27.6855 -2.65925 -5.99913 -3.01428
