1 2 -1.098 -8.86681 -2.39639 -1.71547 5.47273 3.04896 -5.47934
2 2 -1.098 -8.44561 -2.96402 2.00409 -2.51059 4.3954 5.21776
3 2 -1.098 -8.73242 1.90331 -0.338595 -9.06081 -1.82188 0.390597
4 2 -1.098 -8.5487 1.57271 2.85228 0.18623 2.94065 -11.2153
5 1 2.196 -5.45864 -5.46257 -3.74708 -1.96997 0.534168 -2.61206
6 2 -1.098 -6.61707 -2.0934 -4.68685 2.3096 9.06235 2.05447
7 2 -1.098 -4.4976 -7.01951 -3.60637 1.46451 -1.90029 -2.68594
8 1 2.196 -6.05551 -5.15461 -0.49145 0.346291 -1.27536 -3.63357
9 2 -1.098 -7.22174 -4.85246 -3.49962 -1.88081 -4.92483 -1.08861
10 2 -1.098 -7.23645 -3.88974 -0.906002 4.62386 1.28824 0.918804
11 2 -1.098 -5.22082 -6.53894 -1.3828 7.17527 -5.37951 4.00081
12 1 2.196 -5.39879 -5.6689 2.30375 -1.42945 0.0650798 -2.16273
13 2 -1.098 -6.76561 -6.07904 0.997671 -4.83889 -3.49282 1.58344
14 2 -1.098 -6.24828 -2.11337 4.05464 0.293125 -1.87761 2.92431
15 2 -1.098 -4.02419 -6.84158 2.07339 3.2873 -5.1494 -3.88704
16 1 2.196 -6.86746 -5.48757 4.85402 0.48802 1.02466 0.715491
17 2 -1.098 -6.49874 -4.49167 3.24993 -0.0323165 -1.24294 -1.50252
18 2 -1.098 -5.8056 -6.79804 3.91597 -2.54955 -5.27246 -3.38463
19 1 2.196 -6.30638 -1.31795 -6.26142 -1.61035 -1.80319 2.78324
20 2 -1.098 -7.6702 -0.0894868 -5.87782 -2.22784 8.14219 2.62959
21 2 -1.098 -2.42644 -1.35669 -7.96846 -1.30604 3.45837 -0.425068
22 1 2.196 -5.60584 -0.932266 -3.59979 1.06947 0.220889 -3.75497
23 2 -1.098 -4.49944 -1.98108 -6.65647 0.807131 2.05833 -1.49666
24 2 -1.098 -6.91428 0.405176 -3.45659 -8.03042 -4.09661 -1.9267
25 2 -1.098 -4.20642 -2.25179 -3.60514 -1.13213 1.05135 2.22338
26 1 2.196 -7.56629 -3.16092 -2.75772 2.04309 1.24464 -0.819603
27 1 2.196 -5.49619 -1.02307 -0.552357 1.01294 0.732593 3.28832
28 2 -1.098 -6.4668 -1.82435 -2.09067 -0.474801 -2.94125 -1.036
29 2 -1.098 -6.83878 0.432703 -0.5635 1.13206 -4.41602 1.58621
30 2 -1.098 -4.0855 -2.31084 -0.741076 11.0473 0.0255716 -3.69302
31 1 2.196 -8.26305 -2.43508 0.142808 0.414988 -2.30306 -1.34908
32 1 2.196 -5.44356 -1.23893 2.49878 1.72387 2.27773 3.35397
33 2 -1.098 -6.40285 -1.97537 0.817944 -2.1541 4.17765 2.51654
34 2 -1.098 -6.58512 0.217556 2.47959 -8.01984 -0.259042 -0.426531
35 2 -1.098 -4.03637 -2.49656 2.33001 -4.52785 5.8443 1.49254
36 1 2.196 -7.99136 -2.87377 3.78792 2.3453 2.02189 2.06928
37 1 2.196 -5.25528 -1.44024 5.6413 -0.5292 -2.29856 -1.09764
38 2 -1.098 -8.47405 -0.99841 4.16165 -1.073 -5.91605 -0.999629
39 2 -1.098 -6.56638 -0.00829163 5.58137 -5.57384 -0.909301 -6.85693
40 2 -1.098 -4.05054 -2.97784 5.37753 -4.7315 -3.08137 -2.32669
41 2 -1.098 -8.34829 -4.2983 4.92297 3.32456 -1.67201 2.99168
42 2 -1.098 -5.40839 -2.25064 7.36316 -1.07112 1.6236 -4.94441
43 1 2.196 -6.17624 3.3121 -6.65644 1.79606 1.24885 2.21383
44 2 -1.098 -4.58758 2.41659 -6.33599 -5.29492 1.36578 -5.59687
45 1 2.196 -8.03704 1.49837 -5.02075 1.06823 0.0827637 1.47592
46 1 2.196 -5.66933 3.51504 -3.28487 -1.21699 1.8482 1.53584
47 2 -1.098 -7.88076 2.47712 -6.69539 -0.825503 2.945 8.72931
48 2 -1.098 -6.64697 2.79292 -4.74522 -1.31282 2.94189 -7.98437
49 2 -1.098 -4.41237 2.13067 -3.36654 3.52093 6.98729 2.72635
50 1 2.196 -7.94087 1.34656 -1.93697 -2.77114 1.13422 -0.745678
51 1 2.196 -5.72358 3.5469 -0.288171 0.859486 -1.52295 -0.791609
52 2 -1.098 -6.6694 2.80024 -1.89138 -1.95068 0.394104 2.34071
53 2 -1.098 -8.96743 1.77354 -3.49908 -5.38764 0.459931 2.43413
54 2 -1.098 -6.39516 5.36647 0.0178027 -4.95503 -0.190669 -0.380506
55 2 -1.098 -4.24283 2.12071 -0.496677 -3.19076 0.943356 7.80625
56 1 2.196 -7.93429 1.01732 1.1163 6.26786 0.449562 2.28912
57 1 2.196 -5.61824 3.14633 2.62485 3.84341 4.35784 1.41015
58 2 -1.098 -6.53339 2.52376 1.15804 3.15089 1.54434 3.05852
59 2 -1.098 -8.7331 -0.608037 0.650077 -1.73578 -0.158075 -4.97655
60 2 -1.098 -6.65518 4.78 2.61391 5.99238 -1.77387 4.43419
61 2 -1.098 -4.17758 1.8406 2.59361 -4.01121 -1.09894 1.03302
62 1 2.196 -7.58294 0.659896 4.14279 0.99352 0.802454 -0.534865
63 1 2.196 -5.22295 3.18118 5.56154 0.0445888 1.97508 -3.3204
64 2 -1.098 -6.39061 2.3792 4.33596 3.66194 2.3811 -6.69803
65 2 -1.098 -4.01764 1.74915 5.50558 -1.42952 0.992833 3.50161
66 2 -1.098 -4.39934 6.0222 5.65094 7.63782 -0.607999 -0.252432
67 2 -1.098 -4.47923 3.96211 7.10326 -0.411044 1.97699 -1.08966
68 2 -1.098 -4.80501 4.54439 -4.57478 -2.15301 -12.5043 -3.87001
69 1 2.196 -3.99698 8.30626 0.309813 -2.56615 2.63667 2.12969
70 2 -1.098 -4.02519 6.56872 -0.432383 1.63117 7.80969 -6.43121
71 1 2.196 -6.20602 6.21559 1.59277 0.608058 2.4272 -3.98031
72 2 -1.098 -5.69341 7.97734 1.06 1.49951 1.68376 1.76347
73 2 -1.098 -4.46826 6.14836 2.4172 4.42348 0.0391821 -5.32776
74 2 -1.098 -2.17111 6.97958 7.00067 1.60292 2.56541 -3.03238
75 2 -1.098 -3.45577 -8.37977 -0.393225 0.729138 -1.02149 3.85741
76 2 -1.098 -3.07606 -8.76654 3.06628 6.9126 1.6588 -0.325424
77 1 2.196 -0.981394 -5.60415 -6.82968 1.0045 1.91929 -0.791674
78 2 -1.098 -2.37735 -4.05621 -7.01107 -2.9023 -2.30544 -0.474029
79 2 -1.098 0.319439 -6.90241 -6.83972 -2.49858 2.71591 2.7958
80 1 2.196 -1.17898 -5.51352 -3.89323 -2.45864 1.64492 0.79772
81 2 -1.098 -1.99341 -6.35452 -5.401 -3.06984 0.859139 8.21604
82 2 -1.098 -2.52785 -4.14015 -3.88034 -9.05539 -6.0335 -6.15377
83 2 -1.098 0.339075 -6.77947 -3.99355 -3.36557 3.67614 3.82074
84 1 2.196 -3.71384 -7.50421 -1.99747 -2.44914 -2.90664 2.38132
85 1 2.196 -1.12839 -5.59565 -0.837555 2.74399 2.27871 -5.67777
86 2 -1.098 -2.11475 -6.50669 -2.27798 2.43777 3.17099 -5.25333
87 2 -1.098 -2.56223 -4.22466 -0.799473 5.32066 1.95301 5.3164
88 2 -1.098 0.296225 -6.90611 -1.1105 -1.80203 -0.866498 3.15463
89 1 2.196 -2.69251 -8.11513 1.32384 0.289252 -0.177963 1.81237
90 1 2.196 -0.952176 -5.52288 2.18431 -0.0136752 2.78309 1.87577
91 2 -1.098 -1.88249 -6.46865 0.676189 6.63373 -5.22152 -3.74468
92 2 -1.098 -2.23879 -4.16854 2.18699 -4.14894 3.81436 4.84783
93 2 -1.098 0.505017 -6.68814 1.75298 -5.55949 3.48503 1.0619
94 1 2.196 -3.66836 -7.23049 3.98722 -2.45602 -2.0182 4.75504
95 1 2.196 -0.894839 -5.94606 5.19989 -0.265502 -1.86876 3.11856
96 2 -1.098 -1.85978 -6.53786 3.4981 -4.01341 -5.03859 2.05886
97 2 -1.098 -2.06965 -4.3782 5.17297 -8.38708 5.76251 -1.15457
98 2 -1.098 0.195314 -7.41999 5.05022 -1.54717 -2.50931 14.2185
99 2 -1.098 -3.04066 -6.64139 5.73584 0.874871 2.16224 3.66943
100 2 -1.098 -3.35614 -4.13118 7.73854 -5.88946 1.51489 3.28204
101 1 2.196 1.28474 -1.52685 -9.98954 3.5555 2.78774 2.76014
102 1 2.196 -1.39395 -2.97485 -8.22102 -0.312602 -0.0881957 0.46032
103 1 2.196 -1.30332 -0.653125 -6.53059 0.945612 -2.10218 -0.0617257
104 2 -1.098 -0.431168 -2.201 -9.5957 -0.913086 -1.6895 5.08393
105 2 -1.098 -2.66326 0.682192 -6.47368 2.85929 -6.86455 -3.6106
106 2 -1.098 1.8623 -3.79229 -6.89389 1.5103 0.228495 6.31281
107 1 2.196 -3.5364 -3.2088 -5.40049 -2.00764 1.98394 -3.02232
108 1 2.196 -1.31593 -1.03635 -3.67715 -2.92678 -0.322384 1.06247
109 2 -1.098 -2.20095 -1.73204 -5.19233 4.1979 -2.84895 2.97854
110 2 -1.098 -4.92625 -4.4887 -5.15899 -1.15482 -6.91695 -8.29846
111 2 -1.098 -2.57017 0.410082 -3.70354 -0.247003 -3.38986 -0.888245
112 2 -1.098 0.10935 -2.45215 -3.84075 7.00893 -6.84228 2.09903
113 1 2.196 -3.31342 -3.3001 -2.3114 4.34263 -3.23793 -2.05279
114 1 2.196 -1.04846 -1.0689 -0.697092 0.340527 0.0942854 3.21474
115 2 -1.098 -1.90608 -1.98663 -2.19059 -3.69115 -5.27362 -1.29072
116 2 -1.098 -4.92818 -4.31626 -2.26434 1.6637 -3.6166 -4.18813
117 2 -1.098 -2.36283 0.347368 -0.558304 2.85922 -4.40687 -2.37526
118 2 -1.098 0.383672 -2.28443 -0.805383 0.582224 5.12107 -2.43008
119 1 2.196 -3.23802 -3.30234 0.778631 -0.0997334 2.01452 -1.81316
120 1 2.196 -0.928458 -1.2321 2.33021 -0.47237 -1.79082 0.789856
121 2 -1.098 -1.8482 -2.06916 0.784153 4.7372 -8.24508 -6.7587
122 2 -1.098 -4.71753 -4.58435 0.788138 -3.85708 -1.36449 6.33124
123 2 -1.098 -2.20635 0.337648 2.33944 7.77555 3.60782 2.30565
124 2 -1.098 0.406688 -2.58215 2.2617 -2.08223 0.780802 0.734561
125 1 2.196 -3.05455 -3.42466 3.80294 3.72856 -0.480077 -1.28269
126 1 2.196 -0.757249 -1.16922 5.39357 -2.89636 -1.71629 -3.91974
127 2 -1.098 -1.87394 -1.94826 3.88521 6.06134 2.65845 -1.02838
128 2 -1.098 -4.02645 -5.15575 3.88416 6.79013 -2.44563 -2.51886
129 2 -1.098 -1.80704 0.381747 5.41025 -5.74003 3.23878 1.61509
130 2 -1.098 0.282732 -2.66517 5.16636 -0.731808 -9.02126 -3.28037
131 1 2.196 -3.72555 -4.92399 6.13367 1.34129 -0.0695925 0.433736
132 1 2.196 -3.50957 -2.30012 7.83317 0.707146 -3.12465 0.474251
133 2 -1.098 -1.57184 -1.81213 6.98904 -2.1701 1.09736 3.03101
134 2 -1.098 -5.53552 -5.28884 6.0885 -6.04324 -4.95687 7.46192
135 2 -1.098 -1.59327 0.939626 8.31278 5.61832 5.75783 -1.17237
136 2 -1.098 0.867777 -0.513882 9.50568 -1.14544 -6.99808 1.15691
137 2 -1.098 1.15317 0.306079 -9.9041 -4.94527 -0.563977 2.72894
138 1 2.196 -3.9307 -0.343017 -7.83831 1.06322 4.80803 -2.0781
139 1 2.196 -1.93706 2.00966 -7.89524 1.06198 -1.16984 -2.63935
140 2 -1.098 -3.29581 1.09454 -8.74885 -4.53828 -1.78857 -1.74499
141 2 -1.098 -5.75891 -0.321217 -7.84312 4.70185 0.0865503 7.80551
142 2 -1.098 -2.21314 3.86802 -7.2099 2.0399 -1.13639 4.88755
143 2 -1.098 -0.60699 0.520344 -7.89169 -0.43568 -6.56096 1.85941
144 1 2.196 -3.70588 1.38088 -4.96169 -2.39201 1.58141 -0.815481
145 1 2.196 -1.24984 3.34207 -3.66001 4.12465 3.78417 6.82196
146 2 -1.098 -2.57058 2.99701 -4.99811 -1.34684 -0.170505 6.43215
147 2 -1.098 -4.98982 -0.0833231 -5.21878 0.180904 -0.208298 7.85141
148 2 -1.098 -2.40448 4.93824 -3.4347 5.89445 -2.84549 1.22008
149 2 -1.098 0.159872 2.06906 -3.62583 -5.42766 2.00633 7.92614
150 1 2.196 -3.39351 1.18662 -1.96344 0.494309 -0.27754 1.52576
151 1 2.196 -1.0198 3.43775 -0.679943 -0.443298 -0.253134 1.79566
152 2 -1.098 -2.04904 2.5595 -2.0353 3.19918 3.39005 0.17373
153 2 -1.098 -4.69049 -0.0903173 -2.08489 -6.05228 -0.395511 -4.1337
154 2 -1.098 -2.37799 4.83561 -0.481684 1.15874 5.07325 4.52901
155 2 -1.098 0.294891 2.05796 -0.756031 -1.596 -6.84604 1.98625
156 1 2.196 -3.2988 1.17006 0.932284 2.46049 -3.51361 -0.49579
157 1 2.196 -1.09441 3.34385 2.32131 0.520787 0.162474 5.40548
158 2 -1.098 -2.03741 2.63848 0.773898 0.907122 0.614598 -0.480971
159 2 -1.098 -4.47214 -0.351113 0.84599 3.10702 0.576736 2.27887
160 2 -1.098 -2.401 4.80873 2.61952 3.34898 -7.53961 -3.42737
161 2 -1.098 0.302941 2.04771 2.24748 3.97804 3.09718 -2.02102
162 1 2.196 -3.03763 0.957297 3.98732 -1.89553 3.79951 1.62973
163 1 2.196 -0.878464 3.4945 5.2401 -2.18371 2.6406 -3.39392
164 2 -1.098 -1.82361 2.49657 3.88331 -4.68185 -1.16458 -1.66082
165 2 -1.098 -4.30092 -0.53145 4.02683 3.32422 0.956097 2.30215
166 2 -1.098 0.0682235 6.12914 5.10629 1.17423 -7.70365 -3.28552
167 2 -1.098 0.560428 2.23954 5.37097 3.20953 -1.52721 2.49386
168 1 2.196 -2.84127 0.949767 6.92474 -0.0770903 -2.86693 -3.59743
169 1 2.196 -0.961382 3.14205 8.17956 -2.73256 0.382863 -2.39008
170 2 -1.098 -1.90254 2.65366 6.68176 -4.25457 -0.7421 -7.70832
171 2 -1.098 -3.77143 -0.627665 6.87357 0.916479 7.51493 -2.93177
172 2 -1.098 -2.1218 4.57766 8.46661 -0.252449 2.61393 -1.71979
173 2 -1.098 0.669228 2.32967 8.18521 -3.6436 2.86386 -0.497002
174 2 -1.098 -0.565469 4.73428 -5.09216 1.63328 4.67562 -1.14286
175 1 2.196 -3.53585 4.59284 -5.98205 0.829633 -2.37646 -0.17492
176 1 2.196 -1.22034 6.35147 -4.18349 -0.14407 -1.88385 -1.29561
177 2 -1.098 -2.43034 6.05461 -5.68964 -1.44749 -3.98189 -4.4124
178 2 -1.098 -5.17076 4.78907 -7.00915 1.80236 5.45144 -7.77857
179 2 -1.098 0.464453 6.89175 -3.4905 3.83625 -2.36105 -2.00969
180 1 2.196 -3.32714 5.60838 -1.89978 -0.769641 -0.0704277 -2.41035
181 1 2.196 -0.94701 8.13543 -0.775942 -3.99675 1.10852 -1.07381
182 2 -1.098 -2.03585 7.04138 -2.21052 -7.82482 4.1626 3.07563
183 2 -1.098 -4.66038 4.34534 -1.73982 4.57996 -5.50377 3.80542
184 2 -1.098 -2.56602 9.00317 -0.612831 -4.15543 -5.21421 4.56736
185 2 -1.098 0.137642 6.53072 -0.723378 0.368276 4.98605 -0.502541
186 1 2.196 -3.30281 5.46842 1.08958 -1.19848 -0.386427 -1.4891
187 1 2.196 -1.10825 7.81553 2.60332 -2.26122 2.44533 -0.460971
188 2 -1.098 -2.55196 7.32073 1.33429 -7.26249 -8.67427 3.68647
189 2 -1.098 -4.59418 4.04417 1.16471 -1.42182 -2.66422 -1.51994
190 2 -1.098 0.131208 6.35234 2.32311 3.76795 -0.677823 -3.93493
191 1 2.196 -3.40845 5.61005 4.10472 -0.0991381 -1.47311 -1.4133
192 1 2.196 -0.94824 7.57792 5.68212 2.16561 -0.570574 -3.08888
193 2 -1.098 -2.1118 6.94681 4.11327 -1.69664 -0.141878 6.6402
194 2 -1.098 -4.53728 4.05266 4.0009 -3.04022 0.811606 1.54907
195 2 -1.098 0.417224 7.39732 7.00974 -3.41542 -1.44616 4.68437
196 1 2.196 -3.206 5.41828 7.13475 4.04076 -1.15094 0.62458
197 2 -1.098 -2.27825 4.83451 5.48144 0.803612 5.9985 0.191775
198 2 -1.098 1.32115 -9.07282 -1.07515 3.92322 0.206945 -4.21839
199 2 -1.098 2.04791 -8.24721 2.71672 0.734463 1.78768 -2.44995
200 1 2.196 3.82838 -6.56371 -7.20574 -3.24619 3.80495 -3.74468
201 2 -1.098 2.77024 -5.77032 -8.54239 7.00718 1.23157 -5.42528
202 1 2.196 1.49957 -7.65354 -5.63247 1.03594 0.0219352 -0.697058
203 1 2.196 3.40953 -5.42827 -3.90132 -1.87535 -4.51267 -1.51006
204 2 -1.098 2.90033 -8.11249 -6.92554 0.170176 4.53787 1.25729
205 2 -1.098 1.935 -4.16663 -3.93449 2.80421 0.316083 3.32351
206 2 -1.098 2.93162 -6.24545 -5.45379 -7.8489 1.17729 5.75738
207 1 2.196 1.16486 -7.97352 -2.53877 0.907365 0.246785 -2.81046
208 1 2.196 3.27409 -6.00712 -0.949881 3.05506 -3.05003 0.599786
209 2 -1.098 2.62916 -6.7555 -2.69664 -2.25834 -0.481109 -4.30552
210 2 -1.098 1.59005 -8.80884 -4.20091 -2.44209 -4.19124 5.43889
211 2 -1.098 1.95323 -4.30776 -0.92436 -4.44049 -3.05878 0.976407
212 2 -1.098 4.98989 -6.83758 -0.603185 5.2809 3.42412 3.02519
213 1 2.196 0.742051 -8.15819 0.504307 -0.115636 -1.32 0.697012
214 1 2.196 2.50891 -6.43781 2.13465 -0.285388 -1.69428 1.9095
215 2 -1.098 2.44682 -6.96249 0.305191 -1.24923 -3.06325 4.80861
216 2 -1.098 -0.97262 -8.83475 0.872586 -4.68907 1.05911 -2.20476
217 2 -1.098 2.01501 -4.5211 2.06997 5.21442 -4.28054 7.48808
218 2 -1.098 4.37612 -6.97802 2.12147 -11.3568 3.51047 -6.1259
219 1 2.196 1.8997 -7.94112 4.60486 0.341974 -2.8253 -1.55338
220 1 2.196 3.50363 -5.66597 5.6446 1.22786 -1.0354 3.10254
221 2 -1.098 2.55421 -6.24125 4.00484 1.81641 5.76063 8.1805
222 2 -1.098 2.22772 -4.20548 5.29233 0.739297 -1.08277 -7.71898
223 2 -1.098 2.98499 -7.45024 6.0115 5.39838 -1.33981 3.98509
224 2 -1.098 0.761708 -2.48566 8.20409 -2.5069 -4.14323 -2.75417
225 1 2.196 1.67125 -4.32308 -8.66738 -0.715438 -0.975969 1.7337
226 1 2.196 3.08864 -1.12928 -6.77789 2.86031 0.847161 0.635615
227 2 -1.098 1.7802 -3.27891 -10.2354 -10.1787 6.90161 3.88569
228 2 -1.098 -0.320772 -4.53248 -8.29785 -8.7813 4.07543 8.32794
229 2 -1.098 1.83409 0.433165 -6.74053 -3.73707 5.27909 -0.742587
230 2 -1.098 4.449 -2.39838 -6.83447 -1.64575 3.83311 5.77247
231 1 2.196 1.02127 -3.1122 -5.36643 0.76329 -0.309016 -1.41548
232 1 2.196 3.41266 -1.0059 -3.79552 -1.03686 -0.809512 -1.85397
233 2 -1.098 2.32583 -1.80615 -5.2333 -7.5894 -0.545539 6.14765
234 2 -1.098 -0.25914 -4.56412 -5.36793 -1.73055 3.09281 -0.00833635
235 2 -1.098 2.04937 0.365291 -3.74449 -10.1937 0.343901 -2.80981
236 2 -1.098 4.97986 -2.17616 -3.63707 2.11825 2.86171 3.82434
237 1 2.196 1.12932 -3.30149 -2.33252 -1.25441 1.30479 -0.349619
238 1 2.196 3.36481 -1.04358 -0.78331 0.0998882 -1.09568 -3.09865
239 2 -1.098 2.7236 -2.11102 -2.34712 7.69612 -0.444199 2.65828
240 2 -1.098 -0.417879 -4.56699 -2.37733 1.0967 3.31307 -2.3544
241 2 -1.098 2.08527 0.364792 -0.797553 5.90792 0.366522 0.979197
242 2 -1.098 4.75035 -2.40793 -0.767805 2.9808 -6.56849 -4.98718
243 1 2.196 1.28982 -3.40845 0.675909 -3.07749 2.58237 0.894957
244 1 2.196 3.33552 -1.11145 2.18328 -0.886429 -0.355997 0.78769
245 2 -1.098 2.54836 -2.00087 0.635019 2.5936 -1.68585 0.46565
246 2 -1.098 -0.212658 -4.60145 0.570448 -4.30718 -0.285106 4.28284
247 2 -1.098 2.13751 0.334943 2.24522 -1.68458 -1.42985 -5.31379
248 2 -1.098 4.62829 -2.62247 2.25451 1.66844 2.32289 -3.23252
249 1 2.196 1.23462 -3.60402 3.66673 1.06992 -1.82244 1.7653
250 1 2.196 3.32839 -1.10011 5.17065 -1.20696 -2.28169 2.2676
251 2 -1.098 2.43693 -1.99276 3.75489 -3.45433 -3.18208 4.25757
252 2 -1.098 0.00598337 -5.00675 3.6746 -3.37184 3.03851 1.89948
253 2 -1.098 2.28089 0.482432 5.29367 4.14362 5.00405 -4.05161
254 2 -1.098 4.67752 -2.52468 5.01859 -5.98297 3.70793 -2.40024
255 1 2.196 1.05839 -3.50532 6.6665 2.51109 -1.82317 -0.75891
256 1 2.196 2.30722 -1.20748 8.51036 2.17856 0.394397 1.31251
257 2 -1.098 2.51839 -1.99147 6.59946 -5.31957 2.23556 -1.98149
258 2 -1.098 0.143538 -5.12252 6.55232 6.1388 -3.99732 -2.72156
259 2 -1.098 2.77873 0.524388 7.79191 -1.23374 9.78332 -0.733691
260 2 -1.098 3.90566 -2.12698 8.66501 -1.52323 -0.662395 -7.51465
261 1 2.196 0.987634 1.4215 -8.38629 0.30523 0.836877 0.449321
262 1 2.196 3.12776 3.64483 -6.74089 -4.01175 -3.45153 1.34041
263 2 -1.098 2.42927 2.55258 -8.12272 -0.49378 0.023638 4.0413
264 2 -1.098 -0.261922 -2.28607 -6.83597 -0.108831 -0.85014 1.68412
265 2 -1.098 1.45758 4.62797 -6.90758 2.33944 -3.22255 5.5228
266 2 -1.098 4.77778 2.6389 -6.50415 1.04345 0.839411 3.20443
267 1 2.196 1.09296 1.20371 -5.21306 1.53231 -2.25648 1.18945
268 1 2.196 3.30316 3.47611 -3.75848 -0.657065 -0.476281 2.56008
269 2 -1.098 2.26144 2.72267 -5.17049 8.85833 2.05637 0.410804
270 2 -1.098 -0.287886 -0.132171 -5.11481 1.7328 1.09283 -3.21847
271 2 -1.098 2.28564 5.11636 -3.59286 -1.24351 3.61464 -6.81348
272 2 -1.098 4.69996 2.24709 -3.74776 -2.08537 -3.58526 -6.13576
273 1 2.196 1.12699 1.18443 -2.253 2.18582 1.09346 3.29997
274 1 2.196 3.43662 3.3885 -0.76088 -3.80121 -1.55042 0.313345
275 2 -1.098 2.41566 2.69014 -2.25293 4.52178 1.1023 -2.13447
276 2 -1.098 -0.265344 -0.136403 -2.23512 -3.24459 1.43207 4.66271
277 2 -1.098 1.9888 4.81503 -0.666995 -0.489652 1.87543 0.0834836
278 2 -1.098 4.78451 2.04415 -0.803738 -2.10461 -4.59137 0.676706
279 1 2.196 1.16709 1.21934 0.720547 -0.485396 0.0241151 -3.22263
280 1 2.196 3.47111 3.42426 2.125 4.11074 -1.42319 1.99838
281 2 -1.098 2.45026 2.54753 0.635614 2.46614 -3.78392 1.41442
282 2 -1.098 -0.131357 -0.209656 0.848894 -6.07025 -5.9836 -2.18261
283 2 -1.098 2.31708 4.95142 2.17326 3.22911 -4.39373 1.92284
284 2 -1.098 4.71879 1.93792 1.96979 2.00822 -0.399252 -0.908913
285 1 2.196 1.17753 1.22459 3.75254 -1.98861 0.154003 -2.59806
286 1 2.196 3.36973 3.36243 5.04283 -0.337418 0.0929139 -0.0371391
287 2 -1.098 2.47731 2.61731 3.56144 -2.26 -2.5458 2.73984
288 2 -1.098 0.042655 -0.304672 3.83655 -4.83672 1.3134 -0.0831337
289 2 -1.098 2.14149 4.7957 5.19131 0.50617 1.68335 -10.5276
290 2 -1.098 4.6163 1.96005 5.24547 -0.388747 4.25546 2.6163
291 1 2.196 1.41494 1.29623 6.86654 -1.68956 1.44743 -2.10132
292 1 2.196 3.90177 4.15149 7.74593 1.84644 1.47163 0.650843
293 2 -1.098 2.95998 2.72669 6.74473 -12.9833 3.53108 -0.590336
294 2 -1.098 0.330754 -0.272129 6.89577 -0.222356 -2.52343 -3.80515
295 2 -1.098 2.56087 5.45234 7.77109 2.33351 -7.15665 -2.94452
296 2 -1.098 5.06351 2.61973 8.03474 4.11939 -1.06543 -3.40251
297 1 2.196 -0.68934 -0.964582 8.57001 2.48469 -1.79899 -2.3063
298 2 -1.098 -2.35063 -1.51014 9.20052 0.276917 3.29921 4.48836
299 2 -1.098 -0.305199 2.87517 -8.46826 4.55374 5.47522 -5.55375
300 1 2.196 -0.264619 4.09715 -6.86 1.01594 -2.48702 -0.773758
301 1 2.196 1.83854 8.6953 -2.75492 -6.59496 -0.235309 0.720741
302 2 -1.098 2.69609 8.09475 -4.28819 4.58626 -1.54597 5.44035
303 2 -1.098 -0.132032 2.30179 -6.22184 5.59814 -4.40602 -0.400731
304 2 -1.098 5.011 6.46054 -3.63031 -6.34489 0.191454 -0.86018
305 1 2.196 1.17733 5.6447 -2.19701 2.73415 2.07322 0.979304
306 1 2.196 3.78983 7.84765 -0.524802 -0.354008 3.5108 -0.00981558
307 2 -1.098 2.50554 7.03372 -1.89082 -8.87972 3.10297 0.43213
308 2 -1.098 -0.204296 4.34814 -2.29074 1.07606 0.24225 1.77238
309 2 -1.098 3.08112 9.22489 -1.49905 1.37213 -2.48349 -0.147544
310 2 -1.098 5.17804 6.60129 -0.954272 -4.43663 -1.116 0.476315
311 1 2.196 1.08939 5.80343 0.777477 3.70193 3.50484 -3.13531
312 1 2.196 3.58311 7.37117 2.63183 -2.09534 0.284642 1.17315
313 2 -1.098 2.51963 7.1809 0.772023 5.81095 -3.55293 3.16215
314 2 -1.098 -0.163454 4.33888 0.797304 -0.541784 2.14402 1.53541
315 2 -1.098 4.8974 7.47257 1.24351 5.09245 -4.13842 0.422823
316 1 2.196 1.17341 5.55543 3.74939 -0.60844 -2.11647 1.15843
317 2 -1.098 2.1371 7.15755 3.708 1.54275 -0.87008 -1.88506
318 2 -1.098 0.112748 4.09835 3.57209 1.16382 0.523937 2.54158
319 2 -1.098 4.75891 6.75644 3.83556 -1.7116 3.12289 -4.13641
320 1 2.196 1.12338 5.75501 6.72339 2.08258 -4.19453 -2.6773
321 2 -1.098 0.0199755 4.28809 6.86146 -1.24922 2.75205 -5.70489
322 2 -1.098 0.166885 8.95941 -2.04703 -3.23751 0.615425 0.18693
323 2 -1.098 -0.406361 8.54227 1.0175 -3.12287 -4.13065 -1.828
324 2 -1.098 -0.587295 8.69798 4.13599 0.719227 -1.01903 -6.23046
325 2 -1.098 4.95355 -4.51453 -4.44894 3.30681 1.77393 -2.84998
326 1 2.196 8.07768 -4.25746 0.182868 -1.34863 2.48262 0.442136
327 2 -1.098 6.32209 -4.31734 -0.649312 1.17436 -5.96003 4.57446
328 1 2.196 5.65401 -6.23056 1.04041 0.20343 0.234041 -0.631632
329 2 -1.098 7.57607 -5.92952 0.785182 -4.06829 0.823394 -0.76795
330 2 -1.098 5.95829 -4.63271 2.127 -3.8312 -7.3728 -0.842749
331 2 -1.098 6.58852 -2.35342 6.5945 -8.85614 1.98469 -0.180344
332 2 -1.098 6.08238 0.241064 -4.01795 4.97825 -8.03445 -2.75104
333 1 2.196 5.50198 -3.69551 -6.01388 2.00527 6.69352 -3.00969
334 1 2.196 6.97162 -1.41368 -3.89834 1.57093 -0.132208 -1.87337
335 2 -1.098 6.7691 -2.4805 -5.40698 1.72855 5.36869 -4.67411
336 2 -1.098 5.1317 -5.34124 -6.87375 -2.3996 3.43275 -2.14045
337 2 -1.098 6.54443 0.0574974 -0.89774 5.08863 2.29822 -6.11903
338 1 2.196 5.36179 -3.46335 -2.28488 0.732456 -1.06868 -1.6707
339 1 2.196 8.07431 -1.16497 -1.01847 -0.0118254 -0.179572 2.76311
340 2 -1.098 6.93822 -2.44724 -2.30942 6.5 0.649214 4.7598
341 2 -1.098 4.08105 -4.81718 -2.23961 0.872135 1.83053 0.520851
342 2 -1.098 7.08117 2.30171 0.5722 -1.42578 -0.573694 6.82957
343 2 -1.098 8.90835 -2.84413 -0.65416 2.32096 3.68229 0.0163286
344 1 2.196 5.3316 -3.49257 0.71073 3.81231 -0.162248 2.63463
345 1 2.196 7.84173 -1.24926 2.34351 3.03495 0.0329858 -1.04456
346 2 -1.098 7.17004 -2.70536 1.03675 0.625205 -4.80465 5.63697
347 2 -1.098 4.07873 -4.86958 0.448755 4.24608 -2.91318 4.01708
348 2 -1.098 6.47957 0.0743634 2.2579 -3.35704 -2.62029 -2.27337
349 1 2.196 5.46743 -3.62036 3.68275 -2.1 -5.08748 -1.44195
350 1 2.196 7.29601 -1.33167 5.28176 -2.9057 2.60685 0.00981083
351 2 -1.098 6.97699 -2.46045 3.67537 -2.99784 -0.867471 0.56413
352 2 -1.098 5.04276 -5.13339 4.61087 0.0373934 -2.03902 1.44751
353 2 -1.098 6.49398 0.274561 5.08059 -1.37426 5.90322 -4.33323
354 1 2.196 4.77459 -2.6868 7.04731 -1.33976 -2.93019 -3.78977
355 2 -1.098 4.18205 -4.47244 6.92794 0.970449 3.71671 -3.16196
356 2 -1.098 2.36785 -1.62584 -8.43547 -1.50157 2.15898 7.90908
357 1 2.196 5.50885 1.54182 -5.34749 -0.588032 -0.868185 2.95712
358 1 2.196 8.12182 3.19796 -3.58571 2.0291 0.635052 2.19907
359 2 -1.098 7.19772 2.37935 -5.01798 0.567099 -0.664526 7.81392
360 2 -1.098 4.10466 -0.0522218 -5.47108 -7.74058 3.59245 -0.655549
361 2 -1.098 7.26188 4.78858 -3.40812 6.50059 5.61668 -1.36356
362 1 2.196 5.54094 1.19364 -2.33408 -1.70564 0.541716 0.272229
363 1 2.196 8.05664 3.42599 -0.54122 3.05476 0.94821 0.48892
364 2 -1.098 6.99137 2.41824 -2.20662 -4.41203 1.2294 -4.66741
365 2 -1.098 4.21047 -0.11104 -2.17152 -5.38263 -1.90993 1.33836
366 2 -1.098 6.83232 4.90582 -0.67597 1.33466 2.32976 -0.793454
367 2 -1.098 9.19308 3.52018 -1.98933 0.96346 -8.03018 9.69858
368 1 2.196 5.71304 0.990079 0.685478 1.51991 -0.400497 -2.99836
369 1 2.196 7.85943 3.95026 2.73226 -1.58105 0.364824 -2.99094
370 2 -1.098 8.76995 4.09395 1.09105 1.04638 -5.14474 5.84715
371 2 -1.098 4.31657 -0.302308 0.69513 1.74358 3.44661 -1.97117
372 2 -1.098 6.46185 5.23411 2.2517 -3.285 -0.515163 -2.05839
373 1 2.196 5.63739 1.20453 3.68287 -1.0068 -2.52022 0.784368
374 2 -1.098 6.77251 2.70745 3.44048 -2.14369 0.666662 0.526558
375 2 -1.098 4.22778 -0.233183 3.70646 -1.32158 -3.43733 2.11426
376 2 -1.098 7.63444 4.91741 4.32904 1.4568 7.69828 -5.001
377 1 2.196 4.51841 1.17535 6.96552 5.04744 1.91749 3.58917
378 2 -1.098 4.61385 -0.630672 6.58836 0.737372 0.156822 -9.16585
379 1 2.196 3.43731 6.43876 -4.48035 0.614694 -1.06196 -0.501509
380 2 -1.098 3.80405 4.80473 -5.44096 5.19056 1.97785 -6.72726
381 1 2.196 5.94207 5.4756 -2.37839 -1.39837 3.30746 -0.922246
382 2 -1.098 4.3941 4.24411 -2.15235 2.61735 -4.71787 7.31341
383 1 2.196 5.68895 5.71109 0.670388 1.44538 3.64911 -2.61431
384 2 -1.098 4.34926 4.4251 0.688113 -4.62426 0.38142 -2.55474
385 1 2.196 5.79708 5.26796 4.37444 -2.20831 4.75399 0.828208
386 2 -1.098 4.36492 4.20467 3.62105 9.8265 3.81033 1.9226
387 2 -1.098 4.67074 4.62232 6.02163 3.89173 -0.748217 1.02988
388 2 -1.098 8.23431 -0.500473 -2.81074 -4.62807 -3.34865 -2.21361
389 2 -1.098 8.52411 -0.564916 0.723371 1.57405 -4.79239 0.762914
390 2 -1.098 8.68599 -0.928395 4.04487 0.078612 3.25568 2.91258
