1 2 -1.098 -53.8391 -48.1912 -32.4997 -0.80068 1.35351 0.806757
2 1 2.196 -54.7535 -45.7399 -29.6253 2.14563 -0.0376049 -1.76292
3 2 -1.098 -53.8857 -44.9574 -28.2046 -0.71465 0.302033 -0.926614
4 1 2.196 -54.7305 -45.8877 -26.6271 1.70202 -1.19278 -1.37814
5 2 -1.098 -51.6313 -46.8615 -25.3812 1.57452 0.384424 -0.41113
6 2 -1.098 -53.6751 -48.5749 -23.5219 1.77958 -7.00128 3.13559
7 2 -1.098 -53.9139 -39.7503 -30.9819 3.83841 7.31862 -2.28663
8 1 2.196 -54.0574 -40.7358 -29.5134 1.18395 -2.54013 -0.749668
9 2 -1.098 -53.5752 -42.5048 -29.5172 -3.08205 -1.25521 -1.48473
10 2 -1.098 -53.6066 -42.8181 -26.5954 -5.30246 -3.01701 -0.380432
11 2 -1.098 -51.7709 -44.6519 -23.91 -2.60033 4.57025 0.933427
12 1 2.196 -50.781 -49.8864 -35.8928 -3.12667 2.04837 0.307814
13 2 -1.098 -51.8224 -48.236 -35.971 2.46849 1.89311 -0.0145855
14 2 -1.098 -50.0617 -51.5241 -35.4304 -6.41797 -6.77131 -4.90435
15 1 2.196 -50.5808 -50.2212 -32.9299 -2.99654 -0.31448 0.937587
16 2 -1.098 -52.0237 -50.0672 -34.3245 -0.772376 4.00138 0.944108
17 2 -1.098 -51.4666 -48.5939 -32.5654 5.67573 -1.37837 -2.61648
18 2 -1.098 -49.2837 -51.5221 -32.8539 6.8037 -2.01398 1.12638
19 1 2.196 -50.5814 -50.3979 -29.873 -2.80912 0.785158 2.63366
20 2 -1.098 -51.4594 -50.8897 -31.4337 -15.1811 -2.60344 1.31183
21 2 -1.098 -51.8683 -48.9368 -29.6911 -7.71929 -1.3904 -5.72836
22 2 -1.098 -49.2797 -51.8984 -29.8414 1.13696 2.56422 -3.62253
23 1 2.196 -50.6629 -50.5796 -26.8744 -0.223559 -2.78094 -1.25269
24 2 -1.098 -51.4286 -51.3169 -28.357 4.18066 -2.17623 -2.86836
25 2 -1.098 -51.8585 -49.0561 -26.8947 -1.69369 -2.61597 5.55497
26 2 -1.098 -49.3092 -51.9718 -26.9473 -1.15238 1.34833 -0.416653
27 1 2.196 -50.7758 -50.4624 -23.6636 -1.50189 -1.66077 2.96557
28 2 -1.098 -51.9743 -50.5783 -25.101 1.23409 4.82643 -7.34111
29 2 -1.098 -51.9583 -50.3457 -22.1795 6.32024 1.91143 -0.150358
30 2 -1.098 -49.7117 -52.0358 -24.0382 -5.80165 -1.70887 3.27652
31 2 -1.098 -46.7699 -46.8387 -37.3096 7.04098 -1.84452 6.3321
32 1 2.196 -52.5329 -46.2627 -35.8425 -2.17709 0.84216 -0.611054
33 2 -1.098 -53.9481 -47.332 -35.2877 -1.33746 0.611519 -4.81602
34 2 -1.098 -53.1777 -44.6558 -35.2849 -3.10242 0.223228 -3.37844
35 2 -1.098 -48.7727 -46.9791 -35.7467 -1.17186 -3.5395 1.49443
36 1 2.196 -52.8318 -48.373 -34.1265 3.18374 0.661436 -2.42881
37 1 2.196 -50.466 -45.9555 -32.9149 0.802398 -2.32583 2.20965
38 2 -1.098 -51.7383 -46.6176 -34.0864 3.72503 -0.018522 6.82631
39 2 -1.098 -51.7152 -44.409 -32.711 -6.5896 7.42723 0.678291
40 2 -1.098 -49.1116 -47.2823 -32.7497 0.408364 1.83221 -4.49142
41 1 2.196 -52.5608 -47.9537 -31.2192 -2.55028 -1.7236 2.62848
42 1 2.196 -50.4048 -45.7155 -29.7499 -0.158422 0.435797 -1.86926
43 2 -1.098 -51.4329 -46.4718 -31.1934 -1.07784 7.67108 2.74071
44 2 -1.098 -53.7025 -47.272 -29.6212 -4.01912 2.70405 5.99546
45 2 -1.098 -51.7421 -44.3105 -29.689 2.44927 7.60181 0.211789
46 2 -1.098 -49.0636 -47.2593 -29.731 -0.379275 -3.04718 -2.74996
47 1 2.196 -52.648 -48.0848 -28.2258 1.08137 -3.72132 3.38846
48 1 2.196 -50.5198 -45.9896 -26.7711 0.443933 2.71672 2.25369
49 2 -1.098 -51.3979 -46.7065 -28.2633 -5.13578 -2.15997 1.92422
50 2 -1.098 -53.843 -47.5508 -26.6498 0.131649 -2.51686 -1.36681
51 2 -1.098 -51.844 -44.5907 -26.7095 3.17396 -1.31628 5.69235
52 2 -1.098 -49.163 -47.3718 -26.7884 -2.02273 -0.795677 0.0648035
53 1 2.196 -52.6234 -48.6038 -25.1413 -2.24458 -2.18514 3.35917
54 1 2.196 -50.6201 -46.2841 -23.866 -3.9086 -1.38226 1.25432
55 2 -1.098 -51.2751 -48.6099 -23.7083 5.88 -2.3866 -5.04491
56 2 -1.098 -51.9938 -46.6191 -22.4403 8.03684 0.487598 -5.11513
57 2 -1.098 -49.0993 -47.5118 -23.6798 -0.0279782 6.39023 5.00268
58 1 2.196 -52.4999 -48.5736 -22.0776 2.34883 1.87123 -1.265
59 1 2.196 -50.474 -46.7151 -19.9468 -0.803308 0.522546 1.37686
60 2 -1.098 -51.6077 -48.1759 -20.4389 0.660063 4.04872 -1.51396
61 2 -1.098 -51.6658 -45.3642 -20.2731 -0.839798 1.3793 -1.51815
62 2 -1.098 -48.9774 -47.7973 -20.4542 4.31365 -2.85098 -4.34986
63 2 -1.098 -48.3098 -44.6047 -37.7233 5.7598 -8.24615 4.66616
64 1 2.196 -50.4598 -41.455 -35.6838 2.86488 4.76672 2.51226
65 2 -1.098 -52.2095 -41.9442 -35.8948 5.27521 4.51811 -0.150071
66 2 -1.098 -49.254 -37.7627 -34.7586 -2.237 -1.99169 0.107967
67 2 -1.098 -49.3193 -42.9917 -35.617 0.612231 1.53317 5.47645
68 1 2.196 -52.5701 -43.1713 -34.382 2.56926 -3.38161 -2.02989
69 1 2.196 -50.3774 -41.1873 -32.535 3.84986 -1.13118 0.0777974
70 2 -1.098 -51.065 -42.174 -33.8835 6.26568 1.7857 6.78597
71 2 -1.098 -53.5235 -42.6923 -32.7959 6.09393 2.48397 -4.12803
72 2 -1.098 -51.4876 -39.6907 -32.3437 2.27369 -6.89286 3.24933
73 2 -1.098 -48.8911 -42.4813 -32.5196 -1.72092 -1.57663 1.21094
74 1 2.196 -52.692 -43.5406 -31.3458 -0.102594 0.903102 -2.29287
75 1 2.196 -50.4256 -41.328 -29.5042 2.75112 -4.66275 1.24671
76 2 -1.098 -51.4035 -42.0493 -31.0997 -7.19666 7.94375 -2.73469
77 2 -1.098 -54.09 -44.7122 -30.9568 0.444785 -4.41065 0.886583
78 2 -1.098 -51.7478 -39.8724 -29.4169 -5.52102 -2.51612 -0.21638
79 2 -1.098 -49.1569 -42.8103 -29.4732 -0.933282 3.15327 -3.03834
80 1 2.196 -52.6242 -43.5336 -28.1558 5.55606 2.04482 2.33832
81 1 2.196 -50.4238 -41.211 -26.4973 0.215659 2.52039 -1.31966
82 2 -1.098 -51.3095 -42.1205 -28.0105 -2.23825 0.205505 -6.3782
83 2 -1.098 -55.8358 -46.2222 -28.1386 2.25343 -0.965775 0.174301
84 2 -1.098 -51.422 -39.4729 -26.4345 -1.47953 0.716976 1.58302
85 2 -1.098 -49.0396 -42.7335 -26.6147 -0.775235 2.6757 -1.59075
86 1 2.196 -52.6292 -43.6648 -25.2516 -1.6068 -0.657638 0.225042
87 1 2.196 -50.8325 -41.791 -23.1965 -1.78489 -1.94077 -2.19267
88 2 -1.098 -51.4176 -42.1474 -25.0683 -4.82114 -5.77542 -4.05917
89 2 -1.098 -54.1242 -44.8621 -25.2238 -0.829299 1.03296 5.13224
90 2 -1.098 -51.3423 -40.0142 -23.5304 0.673706 -9.58871 3.49815
91 2 -1.098 -49.3183 -42.9757 -23.8511 1.07399 4.65588 0.364659
92 1 2.196 -51.9076 -44.666 -21.9341 0.510363 0.92031 1.93749
93 1 2.196 -48.2129 -41.5589 -20.4837 -3.29453 -1.00511 -0.737879
94 2 -1.098 -52.2447 -42.8718 -22.433 2.40652 1.16101 -0.395676
95 2 -1.098 -48.4952 -42.8807 -19.1522 -2.08864 4.38545 -0.756726
96 2 -1.098 -47.2653 -37.392 -36.8185 0.964617 4.69172 -0.62727
97 1 2.196 -49.9477 -36.8563 -33.0139 2.23516 0.0917333 -0.412697
98 2 -1.098 -48.8329 -38.192 -32.4044 4.35743 -0.391402 -4.91492
99 1 2.196 -52.3321 -38.7663 -31.0939 0.449609 1.54988 0.683351
100 1 2.196 -49.954 -36.5129 -29.9443 2.97332 1.28517 2.5525
101 2 -1.098 -51.1409 -37.3047 -31.5629 5.9758 -0.599381 3.15891
102 2 -1.098 -52.8763 -37.7885 -29.5541 -1.65996 0.00970858 -5.85711
103 2 -1.098 -48.93 -38.0784 -29.6506 1.2877 -0.925987 0.0149861
104 1 2.196 -52.2453 -38.5953 -27.9426 -0.746025 -1.27553 -2.47272
105 1 2.196 -49.8436 -36.3201 -26.7213 0.847423 3.29824 1.09719
106 2 -1.098 -50.8919 -37.2505 -28.1399 -0.0938035 6.57096 1.42946
107 2 -1.098 -53.8196 -39.6783 -28.0131 1.20428 4.58079 -3.85027
108 2 -1.098 -48.7985 -38.041 -26.6258 -0.203544 -4.41808 1.07128
109 1 2.196 -50.7122 -38.7287 -24.7707 -2.14461 -2.40336 -0.679703
110 2 -1.098 -51.0285 -37.0403 -25.4621 2.68039 -1.91227 -6.06544
111 2 -1.098 -49.0669 -38.2113 -23.7947 -1.1417 -3.79476 8.07468
112 2 -1.098 -48.109 -53.5113 -33.2107 -4.74111 -1.04632 6.26754
113 1 2.196 -46.0342 -54.6112 -29.9222 -1.9812 -1.28125 -2.13128
114 2 -1.098 -45.064 -53.7369 -28.4054 0.364581 4.69862 -0.732724
115 1 2.196 -45.8811 -54.6816 -26.8495 -3.59999 1.19264 1.12144
116 2 -1.098 -46.829 -51.3806 -25.3824 4.26969 -3.21792 6.87584
117 2 -1.098 -47.9313 -53.6086 -23.8376 5.55999 -5.18465 1.82349
118 2 -1.098 -48.008 -47.9164 -39.1151 -2.05242 2.56856 2.72613
119 1 2.196 -45.9947 -50.5801 -35.8134 -1.58623 -1.58637 -2.09915
120 2 -1.098 -47.2705 -51.9337 -36.2218 1.36595 5.1488 7.87208
121 2 -1.098 -47.4391 -49.1171 -35.8224 1.22999 3.30075 3.42289
122 2 -1.098 -44.6004 -51.7606 -35.4711 -1.08452 -8.84303 1.88972
123 1 2.196 -48.2943 -52.244 -34.6652 3.95923 -0.798466 -1.91979
124 1 2.196 -45.7125 -50.3118 -32.7339 -0.324944 -3.17353 -2.71465
125 2 -1.098 -46.7951 -51.1925 -33.975 -8.12438 -6.27802 -4.99554
126 2 -1.098 -47.1281 -48.9279 -32.7363 -5.47444 1.52393 1.37285
127 2 -1.098 -44.359 -51.6636 -32.6862 -1.73804 5.8565 -1.84588
128 1 2.196 -48.2449 -52.477 -31.6176 0.337327 -1.28228 0.162126
129 1 2.196 -45.923 -50.3106 -29.9142 1.07099 -0.436919 -3.93641
130 2 -1.098 -46.8541 -51.2585 -31.2971 -0.252622 -0.844283 -2.14605
131 2 -1.098 -47.4811 -53.4803 -30.0038 -2.45455 7.932 -8.24278
132 2 -1.098 -47.3141 -49.1138 -29.6781 -0.561981 4.45256 0.074535
133 2 -1.098 -44.4232 -51.5352 -29.9318 2.67371 -1.26879 -1.19119
134 1 2.196 -48.2285 -52.5041 -28.4558 -1.77281 1.34527 1.09496
135 1 2.196 -45.9013 -50.333 -26.8035 -1.26985 1.79504 -3.86202
136 2 -1.098 -46.7285 -51.2841 -28.2208 3.88709 -4.38049 1.29041
137 2 -1.098 -47.4783 -53.551 -26.8222 -3.91488 2.57273 -0.665301
138 2 -1.098 -47.3622 -49.1068 -26.7845 3.12862 -1.07683 1.02023
139 2 -1.098 -44.4586 -51.7518 -26.7657 -6.8399 2.55432 1.96015
140 1 2.196 -48.3319 -52.6266 -25.3829 -2.14351 4.461 -0.0957597
141 1 2.196 -45.8113 -50.5809 -23.9618 -1.30651 1.39028 0.446269
142 2 -1.098 -46.9928 -51.4848 -22.7738 5.28504 -1.86243 -4.96094
143 2 -1.098 -47.3153 -49.1958 -23.8302 1.08985 7.23533 3.80275
144 2 -1.098 -44.4719 -51.9108 -23.9531 9.63802 0.947585 2.31715
145 1 2.196 -48.6172 -52.197 -22.4452 1.1615 -2.33313 -0.52388
146 1 2.196 -46.1387 -51.1614 -20.9443 -0.614842 2.26067 -2.98053
147 2 -1.098 -47.8421 -52.1397 -20.6988 6.52708 -0.00395727 -0.498663
148 2 -1.098 -47.2141 -49.571 -20.6065 -1.91252 0.982778 -4.07694
149 2 -1.098 -44.8186 -52.4475 -21.0854 -4.02311 -0.870903 -4.68376
150 1 2.196 -46.4205 -47.0817 -39.3711 1.51313 -3.77952 2.0254
151 2 -1.098 -46.1344 -45.2868 -39.4249 1.5342 2.05337 -0.725923
152 2 -1.098 -45.3564 -47.8376 -40.788 -0.715035 0.908916 -0.969908
153 1 2.196 -48.1965 -48.1378 -37.2578 -3.39085 0.634951 -3.3029
154 1 2.196 -45.8387 -45.8827 -35.7862 1.75703 -2.9129 -4.68902
155 2 -1.098 -44.5722 -47.0612 -38.6612 -2.00919 -5.59909 -0.573885
156 2 -1.098 -49.5875 -49.2803 -37.1982 2.61657 4.25008 4.80736
157 2 -1.098 -47.2859 -44.6116 -35.4175 3.72914 -1.10486 -1.06092
158 2 -1.098 -44.4412 -47.2496 -35.7448 -0.810729 -1.43313 -6.59457
159 1 2.196 -48.145 -48.0499 -34.3099 -3.23834 -1.92515 -3.44309
160 1 2.196 -45.8026 -45.8177 -32.6856 1.9012 0.867518 -3.39298
161 2 -1.098 -46.7101 -46.7702 -34.1048 -5.55323 -0.174428 0.249869
162 2 -1.098 -49.6028 -49.2587 -34.3141 0.937013 4.94569 3.98075
163 2 -1.098 -47.134 -44.3411 -32.677 2.01531 0.688729 -0.665485
164 2 -1.098 -44.4571 -47.1065 -32.7784 3.69277 1.16873 1.81931
165 1 2.196 -48.2575 -48.1762 -31.3001 -4.36339 2.14624 -1.84194
166 1 2.196 -45.9399 -45.9755 -29.7019 2.07579 -0.116676 2.03284
167 2 -1.098 -46.9182 -46.7026 -31.2275 -1.85371 -1.40705 -1.23842
168 2 -1.098 -49.4753 -49.5618 -31.1819 -4.54366 -6.6474 1.78602
169 2 -1.098 -47.2592 -44.5638 -29.665 -0.405476 9.58389 1.08389
170 2 -1.098 -44.5656 -47.2439 -29.7015 -4.23729 -3.05011 7.3602
171 1 2.196 -48.2154 -48.1967 -28.2831 0.552539 -1.86288 -3.92023
172 1 2.196 -45.9677 -46.0015 -26.6253 2.32822 0.321414 -1.31219
173 2 -1.098 -46.7965 -46.8707 -28.2494 2.94126 3.62889 1.35902
174 2 -1.098 -49.6348 -49.6035 -28.2859 7.69965 -4.79122 4.18343
175 2 -1.098 -47.3807 -44.7012 -26.7122 5.892 2.45524 -1.51813
176 2 -1.098 -44.5493 -47.3058 -26.7218 3.16463 -1.85613 4.92224
177 1 2.196 -48.3134 -48.3198 -25.3218 -0.785437 2.7812 -3.49824
178 1 2.196 -46.1682 -46.2477 -23.6895 -1.85248 -2.2707 -0.431352
179 2 -1.098 -46.8991 -46.9949 -25.2533 8.03529 0.947975 6.44816
180 2 -1.098 -49.6008 -49.7723 -25.4738 0.0998327 -2.71555 6.12173
181 2 -1.098 -47.5668 -44.8329 -23.5952 -2.22764 -6.17953 3.48809
182 2 -1.098 -44.7397 -47.5373 -23.687 -3.59641 -1.97065 -3.13277
183 1 2.196 -48.2651 -48.6479 -22.2433 4.02607 -5.78183 0.347525
184 1 2.196 -46.1948 -45.922 -20.8057 1.6826 -1.8308 -1.04973
185 2 -1.098 -47.0605 -47.1014 -22.0952 -0.444295 5.52493 1.2866
186 2 -1.098 -49.3168 -50.38 -22.3445 -11.0674 5.57185 0.946493
187 2 -1.098 -47.6731 -44.7479 -20.8099 5.75935 3.82525 -7.07532
188 2 -1.098 -44.9167 -47.3464 -20.924 -3.31377 0.0693177 0.602524
189 1 2.196 -47.3581 -48.3024 -19.2763 -5.3945 -1.79586 2.32007
190 2 -1.098 -47.0132 -46.5174 -19.2189 8.48068 -1.61742 -0.59709
191 1 2.196 -46.6282 -43.9264 -38.157 -2.60042 -3.64041 -1.08634
192 2 -1.098 -45.0833 -43.0832 -38.9256 2.53066 0.146996 -3.80654
193 1 2.196 -49.1875 -45.0355 -36.0725 -0.436284 0.565029 -1.11293
194 1 2.196 -45.9824 -41.2429 -35.6838 1.45345 1.0057 1.86753
195 2 -1.098 -46.5913 -42.3552 -37.0398 -4.6346 -0.743095 2.10538
196 2 -1.098 -50.95 -45.4247 -36.5395 3.57562 0.369853 2.99653
197 2 -1.098 -47.3304 -39.7168 -35.6484 -1.24579 4.80595 -2.91792
198 2 -1.098 -44.5768 -42.5441 -35.6485 12.8607 0.48424 1.31971
199 1 2.196 -48.1428 -43.4753 -34.1163 -0.638255 2.29907 -2.38728
200 1 2.196 -45.967 -41.4692 -32.5778 -1.13843 0.475116 0.653635
201 2 -1.098 -46.8813 -41.9737 -34.2274 1.86121 1.27488 6.13167
202 2 -1.098 -49.3952 -44.916 -34.1391 2.68415 -6.2562 -1.37358
203 2 -1.098 -47.192 -40.034 -32.4678 4.493 -4.43949 -0.786689
204 2 -1.098 -44.5852 -42.7676 -32.5472 4.51499 -3.57949 3.40106
205 1 2.196 -48.1343 -43.6728 -31.147 -0.184541 2.07249 1.11604
206 1 2.196 -45.8912 -41.3965 -29.5008 0.792132 -0.832724 3.17659
207 2 -1.098 -46.8247 -42.2792 -30.9943 -0.768427 0.537623 -2.17884
208 2 -1.098 -49.5196 -44.9216 -31.2364 -3.5435 -0.97028 2.47311
209 2 -1.098 -47.1543 -39.96 -29.4992 0.288397 -5.71126 0.204037
210 2 -1.098 -44.4247 -42.6408 -29.5229 -1.41012 5.95603 3.33575
211 1 2.196 -48.143 -43.6674 -28.1329 3.02341 -1.29987 -1.93488
212 1 2.196 -46.07 -41.4623 -26.4402 0.991498 0.315983 -4.73646
213 2 -1.098 -46.8312 -42.285 -28.1196 0.120648 -1.83762 -4.05971
214 2 -1.098 -49.6061 -44.9813 -28.1675 3.51857 2.00412 2.15764
215 2 -1.098 -47.2127 -39.9884 -26.575 4.46172 -0.573001 -1.94865
216 2 -1.098 -44.7755 -42.8954 -26.5788 0.13539 3.63037 -5.44525
217 1 2.196 -48.2697 -43.7885 -25.2408 -6.2757 3.9519 -1.0749
218 1 2.196 -46.1218 -41.4273 -23.4108 3.95288 1.41285 -1.78393
219 2 -1.098 -46.9603 -42.3123 -25.0063 0.741798 -2.36052 -2.33123
220 2 -1.098 -49.5402 -45.298 -25.3007 2.49986 -0.535156 1.00077
221 2 -1.098 -47.2055 -39.7916 -23.5362 -4.4686 -4.58495 10.3759
222 2 -1.098 -44.7671 -42.9368 -23.6289 -7.56421 3.33166 0.961895
223 1 2.196 -48.551 -43.8297 -22.2736 0.0323811 0.789348 0.849675
224 1 2.196 -44.8959 -41.4935 -20.2565 -2.5214 -4.22557 6.97005
225 2 -1.098 -47.2219 -42.3905 -22.0348 0.490817 -2.43136 3.21501
226 2 -1.098 -50.0468 -45.0637 -22.2402 -0.234392 0.636969 -4.5324
227 2 -1.098 -48.5757 -39.8557 -21.0961 -0.286018 4.076 -4.75959
228 2 -1.098 -45.1432 -43.2409 -20.6834 -3.88784 11.5746 1.33156
229 1 2.196 -47.8265 -44.593 -18.8693 -3.41764 -0.406721 1.31424
230 2 -1.098 -46.5586 -41.0345 -19.7814 -1.66105 -3.35889 -5.632
231 2 -1.098 -49.374 -45.7078 -18.7309 4.32983 8.4029 1.96918
232 1 2.196 -48.6597 -38.5239 -36.4303 0.739912 0.946263 2.85897
233 1 2.196 -45.6438 -37.0107 -35.848 -0.186415 0.7798 2.45483
234 2 -1.098 -50.0139 -39.8965 -36.6355 -5.3068 -2.98745 2.31149
235 2 -1.098 -44.4183 -37.9082 -37.0629 2.44171 5.59785 -1.75278
236 1 2.196 -47.9691 -39.1764 -33.8866 3.9901 -3.94712 -2.62203
237 1 2.196 -45.2477 -36.6269 -33.0467 -0.681178 1.3116 1.19609
238 2 -1.098 -46.7002 -37.7601 -34.1037 -2.75146 -3.02768 1.97701
239 2 -1.098 -49.3944 -40.4337 -34.2205 -3.74671 1.24742 -1.30921
240 2 -1.098 -45.7162 -35.6043 -34.5967 2.19681 2.8419 3.34317
241 2 -1.098 -44.3607 -38.2083 -32.2649 -5.85733 -4.19773 -6.12592
242 1 2.196 -47.9298 -38.995 -30.9884 -4.55111 2.02061 -1.8334
243 1 2.196 -45.5828 -36.8154 -29.8392 6.77885 2.28396 4.1642
244 2 -1.098 -46.6561 -37.5873 -31.1405 -4.57304 3.07357 4.61119
245 2 -1.098 -49.5412 -40.3159 -30.9475 0.468322 -4.51282 2.07134
246 2 -1.098 -46.5318 -35.1927 -29.4029 -1.14631 -0.310945 -2.2602
247 2 -1.098 -44.6662 -38.4424 -29.437 0.0736437 -1.44985 -0.456525
248 1 2.196 -48.061 -38.9891 -28.0599 -3.05658 -1.86906 -3.07435
249 1 2.196 -45.0287 -36.5276 -25.5478 -0.205818 -0.0508751 -1.23326
250 2 -1.098 -46.8154 -37.2845 -28.2569 3.24242 1.85925 0.196131
251 2 -1.098 -49.5708 -40.3427 -28.0919 8.76096 -5.98744 1.59043
252 2 -1.098 -45.4805 -35.3165 -26.9863 -2.1045 1.4226 -0.359172
253 2 -1.098 -44.4299 -38.2386 -26.4178 -1.33362 -5.16125 -10.8295
254 1 2.196 -47.8148 -38.8922 -25.1037 3.23837 -1.78771 3.31977
255 1 2.196 -44.8934 -36.583 -22.2772 1.35994 1.22812 1.64204
256 2 -1.098 -46.5437 -37.5757 -25.2273 -4.65673 -0.0771873 -7.5048
257 2 -1.098 -49.4041 -40.1024 -25.2719 0.402971 7.48169 -0.694976
258 2 -1.098 -44.3743 -38.2385 -23.3441 -4.94215 -6.07966 1.13172
259 1 2.196 -47.7985 -38.5503 -22.1674 -1.49722 -1.30123 7.30202
260 2 -1.098 -46.7009 -37.1002 -22.0071 -6.83042 -1.68913 3.88262
261 2 -1.098 -49.6569 -42.374 -21.5909 2.92072 -1.76191 1.82421
262 2 -1.098 -44.4464 -37.835 -20.9061 1.06095 5.85704 -2.53625
263 2 -1.098 -49.4546 -35.6857 -31.612 -9.51302 3.42119 6.80296
264 1 2.196 -47.2252 -35.4202 -27.7733 -0.168086 0.986463 1.01336
265 2 -1.098 -49.1411 -35.6337 -28.4032 -3.4721 -0.885939 7.90151
266 2 -1.098 -48.2914 -35.287 -26.2469 -0.247994 -5.30854 5.07807
267 2 -1.098 -40.4114 -53.9546 -30.2505 4.66832 -5.40899 6.13098
268 1 2.196 -41.3392 -53.9416 -28.6129 -0.507281 3.9164 -0.250215
269 2 -1.098 -42.7772 -53.4644 -29.6787 0.0901967 2.11307 -4.41781
270 2 -1.098 -42.5527 -53.4272 -27.2503 6.12153 -12.1153 -2.7029
271 2 -1.098 -42.8259 -53.7262 -23.8303 -1.91706 -4.18038 1.64007
272 2 -1.098 -42.8027 -48.7595 -38.8964 -8.09475 -1.16298 -0.922017
273 1 2.196 -41.3193 -50.576 -35.763 -0.984184 -2.72545 -1.1444
274 2 -1.098 -42.0707 -52.2987 -36.0205 -2.04531 -9.238 -9.63625
275 2 -1.098 -42.5548 -49.0821 -35.9611 1.69157 0.712405 2.4674
276 2 -1.098 -37.5573 -51.1013 -34.4658 -1.79757 0.182874 4.44952
277 1 2.196 -43.3156 -52.5092 -34.4753 -1.02829 0.164701 -2.57107
278 1 2.196 -41.1998 -50.4279 -32.5616 1.78462 3.99318 -0.0227014
279 2 -1.098 -42.0257 -51.2205 -33.9927 6.34651 0.543166 0.785333
280 2 -1.098 -42.6883 -53.5692 -32.9972 -3.56111 -1.40834 6.57002
281 2 -1.098 -42.7121 -48.963 -32.6397 -3.39452 0.0744557 -3.93885
282 2 -1.098 -39.5343 -51.4178 -32.4208 3.99673 3.85437 -3.28983
283 1 2.196 -43.3756 -52.772 -31.3926 1.08355 5.14059 -2.44609
284 1 2.196 -41.2141 -50.2407 -29.6335 0.860555 -1.50532 -1.49692
285 2 -1.098 -41.863 -51.42 -31.0881 -0.335686 0.0797467 1.25833
286 2 -1.098 -44.8824 -53.8987 -31.1916 1.31508 3.34229 -2.08581
287 2 -1.098 -42.6919 -48.9422 -29.7921 -1.33588 4.27152 -4.27279
288 2 -1.098 -39.893 -51.635 -29.2934 4.33527 7.06856 -1.13086
289 1 2.196 -43.7162 -52.3672 -28.3785 1.4732 3.64239 -1.22177
290 1 2.196 -41.2507 -50.2724 -26.6499 -3.10527 1.03864 -1.51502
291 2 -1.098 -42.1761 -51.1723 -28.246 -1.786 3.79816 -3.14011
292 2 -1.098 -46.4881 -55.6602 -28.3554 2.93864 -3.30974 1.52209
293 2 -1.098 -42.7992 -49.0828 -26.758 -2.74809 4.10661 0.23388
294 2 -1.098 -39.5506 -51.2885 -26.5226 -0.414124 -2.19604 -3.28666
295 1 2.196 -43.3336 -52.8218 -25.3992 -1.57857 1.16807 -3.32171
296 1 2.196 -41.4598 -50.4874 -23.4812 -2.191 -2.67058 -0.637698
297 2 -1.098 -42.2036 -51.2902 -25.2364 2.89457 7.85153 -1.16742
298 2 -1.098 -44.6583 -54.1361 -25.6399 1.65144 -1.19412 4.7034
299 2 -1.098 -42.9733 -49.2694 -23.6235 2.38143 -2.413 -0.220358
300 2 -1.098 -39.8956 -51.5873 -23.696 0.0675993 -1.07569 -1.35704
301 1 2.196 -43.6348 -52.8441 -22.4763 1.57728 -1.80655 2.43307
302 1 2.196 -41.2372 -48.1681 -20.8573 1.26654 0.576091 0.103042
303 2 -1.098 -42.4622 -51.483 -22.2912 -5.57642 -4.09894 -1.76365
304 2 -1.098 -43.0042 -48.9212 -20.4482 3.09496 2.91496 5.29245
305 1 2.196 -43.6078 -47.7825 -40.241 -3.79761 1.59404 -4.23802
306 2 -1.098 -42.9616 -46.0577 -40.1343 5.83688 9.05859 0.777988
307 1 2.196 -43.73 -48.2324 -37.2717 1.87975 -2.23031 1.29756
308 1 2.196 -41.6256 -45.6683 -35.8639 -1.73832 -0.638854 -1.48252
309 2 -1.098 -42.6341 -46.39 -37.2981 -4.08702 3.57905 -3.46839
310 2 -1.098 -45.1172 -49.514 -37.2474 -1.11793 -3.49733 -0.477098
311 2 -1.098 -42.5387 -43.9202 -35.709 3.70664 0.379056 4.68038
312 2 -1.098 -38.1125 -48.7233 -35.3751 0.123111 3.57275 0.519454
313 1 2.196 -43.5402 -48.1247 -34.2262 1.23853 -1.33835 -3.38162
314 1 2.196 -41.4172 -45.7028 -32.7592 -2.50327 1.42962 -1.85053
315 2 -1.098 -42.2698 -46.6707 -34.3428 0.570266 4.65572 -2.85392
316 2 -1.098 -44.8541 -49.4695 -34.2634 -4.08341 3.75923 -1.50429
317 2 -1.098 -42.7842 -44.4675 -32.6655 7.96634 7.80733 -1.07563
318 2 -1.098 -40.1015 -47.0694 -32.7063 2.44578 -0.803486 1.10952
319 1 2.196 -43.6311 -47.9949 -31.3058 -1.94023 -1.62673 -2.00815
320 1 2.196 -41.3596 -45.7672 -29.6875 2.89497 3.06741 0.983958
321 2 -1.098 -42.2872 -46.6523 -31.1746 1.71375 2.97693 -3.33411
322 2 -1.098 -44.9915 -49.3223 -31.2574 -11.0525 4.87686 -0.145919
323 2 -1.098 -42.7712 -44.4371 -29.595 -2.14138 -6.55736 -2.43659
324 2 -1.098 -39.8466 -47.0379 -29.7041 -0.907002 0.540507 -1.95285
325 1 2.196 -43.6102 -48.1086 -28.2562 -4.98075 0.960209 1.28412
326 1 2.196 -41.4593 -45.9442 -26.6797 1.57018 1.03667 -0.25903
327 2 -1.098 -42.2062 -46.7943 -28.2876 3.94749 -0.142665 -2.82141
328 2 -1.098 -45.0037 -49.5369 -28.3591 3.79022 -4.30587 -0.430178
329 2 -1.098 -42.9111 -44.7295 -26.63 1.55391 3.79386 -0.583671
330 2 -1.098 -39.9031 -47.092 -26.7602 1.04033 3.65917 1.47498
331 1 2.196 -43.6666 -48.2694 -25.1834 0.193559 3.59766 1.44167
332 1 2.196 -41.3812 -45.9142 -23.4712 0.721999 4.54118 -1.28022
333 2 -1.098 -42.2572 -47.0229 -25.2093 7.49008 -6.05717 6.50982
334 2 -1.098 -45.1054 -49.5515 -25.3348 -0.159938 1.84597 -2.30786
335 2 -1.098 -42.8846 -44.6869 -23.6474 -0.332199 0.111094 -4.74292
336 2 -1.098 -39.8695 -47.1132 -23.5878 4.51159 -1.90281 -0.552658
337 1 2.196 -43.9247 -48.4199 -22.1863 1.66529 1.44306 -4.06815
338 1 2.196 -41.5264 -45.1595 -19.9021 -3.01873 2.39754 -0.572732
339 2 -1.098 -42.2809 -47.2581 -22.218 5.5421 1.4392 -0.239601
340 2 -1.098 -45.166 -49.9152 -22.2301 0.0320243 5.97735 0.615959
341 2 -1.098 -43.2277 -44.9147 -20.6274 -2.06698 -2.25838 1.71085
342 2 -1.098 -39.4989 -47.5469 -20.7628 2.90723 0.218317 1.66871
343 1 2.196 -43.9615 -47.7154 -19.2535 2.6012 0.513432 2.25625
344 2 -1.098 -42.0366 -46.9888 -19.4713 2.09961 1.31149 2.39593
345 2 -1.098 -45.6054 -48.7118 -18.83 -1.92148 6.89519 -2.4457
346 1 2.196 -41.2078 -42.8935 -36.9811 -4.60611 0.235106 -3.7385
347 2 -1.098 -42.5331 -41.3324 -37.5433 1.55488 -7.20587 0.705342
348 2 -1.098 -40.3138 -44.6839 -36.8529 4.71345 -5.1905 -4.44294
349 1 2.196 -43.7018 -45.2517 -38.6048 -2.22793 -0.672671 -3.18714
350 1 2.196 -44.0479 -42.4036 -37.5425 1.01012 -1.88714 3.29259
351 2 -1.098 -42.6661 -43.7124 -38.1388 -1.09201 -2.94041 3.42399
352 2 -1.098 -45.057 -44.7873 -37.1797 -6.86231 -2.96804 3.21185
353 2 -1.098 -41.6443 -38.2728 -37.2776 9.35424 -5.18943 3.94424
354 2 -1.098 -40.2183 -42.449 -35.3892 -2.44628 -5.74322 3.66585
355 1 2.196 -43.6711 -43.4326 -34.1974 2.94026 -4.39316 3.78896
356 1 2.196 -41.4434 -41.3741 -32.4634 1.99849 0.992898 -0.484964
357 2 -1.098 -42.4359 -42.0776 -33.7942 4.77335 3.08785 -2.80784
358 2 -1.098 -44.8025 -44.9671 -34.2355 8.57553 -0.261489 -0.269734
359 2 -1.098 -42.7512 -40.0213 -32.3394 2.77188 -3.27786 -1.54365
360 2 -1.098 -39.9887 -42.6143 -32.6611 -5.66222 6.2987 1.94722
361 1 2.196 -43.5906 -43.6345 -31.1008 -2.50257 1.21621 -2.90602
362 1 2.196 -41.4398 -41.5013 -29.2863 0.0560414 -4.24492 2.85275
363 2 -1.098 -42.133 -42.3735 -30.9886 -7.21544 -3.34074 0.0771605
364 2 -1.098 -44.9585 -44.9531 -31.1229 3.96604 -2.91354 3.21676
365 2 -1.098 -42.8412 -40.1441 -29.4094 1.70433 -1.40236 5.51192
366 2 -1.098 -39.9335 -42.7387 -29.5038 6.06077 -0.696471 0.778792
367 1 2.196 -43.7383 -43.6427 -28.0709 -0.707995 -0.476954 -3.72259
368 1 2.196 -41.4626 -41.413 -26.2697 1.99737 0.739904 -3.45052
369 2 -1.098 -42.3143 -42.3921 -27.9377 -1.6864 4.34146 -1.67973
370 2 -1.098 -45.0648 -45.0638 -28.1135 0.489174 -0.894903 5.51183
371 2 -1.098 -42.8866 -40.1325 -26.3351 -2.97733 -2.62887 -1.78992
372 2 -1.098 -40.1324 -42.7877 -26.4282 -1.68401 0.0824332 -3.10211
373 1 2.196 -43.8453 -43.8404 -25.1708 -1.64756 1.71539 1.07041
374 1 2.196 -41.9696 -41.8352 -23.3603 -2.1989 -1.65723 -1.4788
375 2 -1.098 -42.5768 -42.4417 -25.053 -7.73126 9.12224 1.74885
376 2 -1.098 -45.237 -45.2074 -25.0765 -1.86169 -1.18938 -0.575973
377 2 -1.098 -43.1589 -40.3982 -23.2877 -0.191975 1.97464 -1.37934
378 2 -1.098 -40.6892 -43.1821 -23.3125 -1.20569 0.269786 1.54556
379 1 2.196 -44.0362 -43.9954 -22.1581 1.43714 -2.69263 -0.948018
380 1 2.196 -41.9675 -41.7713 -20.2738 -0.347008 3.49113 1.54016
381 2 -1.098 -42.8674 -42.6148 -21.8347 1.76137 3.26366 -0.924503
382 2 -1.098 -45.3443 -45.2538 -22.2883 -2.43801 2.53428 -1.54469
383 2 -1.098 -43.2717 -40.3992 -20.3919 -0.159862 3.51982 -1.20733
384 2 -1.098 -40.8252 -43.3244 -20.2658 1.81308 -0.482293 -2.60825
385 1 2.196 -44.1628 -44.2274 -18.7555 0.110023 1.60496 -1.39541
386 2 -1.098 -43.4734 -42.4229 -19.2068 1.437 -0.363227 5.82434
387 2 -1.098 -44.4778 -46.081 -18.7273 4.92717 3.67292 1.36642
388 1 2.196 -43.2006 -39.3812 -37.2815 4.85114 0.314682 0.875734
389 1 2.196 -41.208 -38.2117 -35.5233 -0.205913 1.29854 0.39103
390 2 -1.098 -44.7827 -40.4794 -37.0536 -3.90725 3.33899 -0.390157
391 2 -1.098 -39.6747 -39.4247 -35.3376 -1.57268 -6.03442 -0.519833
392 1 2.196 -43.6556 -39.1983 -33.7932 2.91498 -0.152026 6.10144
393 1 2.196 -41.4172 -36.8414 -32.2544 -3.45418 -5.40535 1.17487
394 2 -1.098 -41.8452 -38.0669 -33.6181 -2.49512 -9.39176 -0.738488
395 2 -1.098 -45.0581 -40.4464 -34.0105 0.567414 5.63091 0.487401
396 2 -1.098 -42.8289 -35.5918 -32.5816 5.63387 3.29161 -0.330472
397 2 -1.098 -39.8727 -37.0675 -34.8325 -0.978624 0.511846 4.35698
398 1 2.196 -43.589 -39.2608 -30.8672 -4.61669 -2.68481 1.94639
399 1 2.196 -41.5081 -36.976 -29.2633 0.137886 -0.220657 3.76761
400 2 -1.098 -42.1284 -37.9739 -30.8522 -3.02755 -5.39691 -0.82976
401 2 -1.098 -44.9408 -40.6091 -31.0363 0.16051 -1.38004 -5.6755
402 2 -1.098 -43.5205 -33.8801 -29.3232 -2.82105 -5.34312 1.43904
403 2 -1.098 -40.0151 -38.1695 -29.3644 -6.93378 1.76039 9.15454
404 1 2.196 -43.7146 -39.2646 -27.888 -2.39735 5.25692 -4.658
405 1 2.196 -41.5509 -36.8552 -26.29 0.623552 -1.75197 -2.08475
406 2 -1.098 -42.2446 -37.9961 -27.8236 -0.712194 4.00087 -8.54085
407 2 -1.098 -45.041 -40.6105 -27.8539 6.05745 -2.17013 -4.88443
408 2 -1.098 -43.3048 -35.9599 -26.2017 -0.147276 -2.27413 -1.44295
409 2 -1.098 -39.9336 -37.8938 -26.4263 2.02515 0.361659 -0.0984021
410 1 2.196 -43.6613 -39.268 -24.8357 -0.152552 1.84156 1.91958
411 1 2.196 -41.5503 -36.9053 -23.3516 0.0968828 -4.18414 5.06559
412 2 -1.098 -42.284 -37.9913 -24.8847 -0.754994 -8.09192 -1.20819
413 2 -1.098 -45.157 -40.6102 -24.9039 0.807185 0.319774 3.52145
414 2 -1.098 -43.101 -36.2392 -22.5354 1.15415 -0.402493 2.94455
415 2 -1.098 -40.0058 -37.9825 -23.578 -1.23721 -7.08584 -3.30952
416 1 2.196 -43.6262 -39.2117 -21.8359 0.581713 -1.22844 2.44732
417 2 -1.098 -41.784 -38.5679 -22.2044 2.0806 9.73304 -5.75031
418 2 -1.098 -45.2376 -40.5061 -21.8978 -9.70801 -0.0909405 4.81237
419 2 -1.098 -46.0874 -44.1367 -18.3968 3.86678 -6.25656 3.25192
420 2 -1.098 -44.2346 -37.5393 -34.5619 -3.83344 2.65887 1.2354
421 1 2.196 -43.2973 -34.8779 -30.8903 1.93935 -0.182176 1.73778
422 2 -1.098 -44.8848 -35.7357 -31.3828 -2.74061 2.41364 -5.96693
423 1 2.196 -43.5892 -34.9112 -27.7581 -0.427757 -0.635675 -1.50933
424 2 -1.098 -43.6435 -36.1777 -29.2949 -3.79334 -0.826245 3.99571
425 2 -1.098 -45.0659 -35.6636 -23.9654 2.44533 -3.23404 -1.35608
426 2 -1.098 -36.1259 -49.4437 -36.4453 -3.04443 1.7528 -2.9081
427 1 2.196 -37.8196 -50.5759 -32.6511 -4.05847 3.42207 -1.72646
428 2 -1.098 -38.3741 -48.8193 -32.7524 3.98795 3.75438 4.82112
429 1 2.196 -39.1676 -52.6966 -30.6969 0.287369 -0.285734 -0.991049
430 1 2.196 -36.7812 -50.1466 -29.8859 2.12988 -6.41975 -1.23572
431 2 -1.098 -37.6516 -51.5944 -30.9719 4.44572 -3.56795 0.545661
432 2 -1.098 -37.9857 -53.3524 -29.2585 1.44956 -9.08851 2.98284
433 2 -1.098 -38.2414 -48.9722 -29.7051 0.818288 -4.77459 -1.29254
434 1 2.196 -38.618 -52.3703 -27.8061 -1.89254 2.70266 1.16223
435 1 2.196 -36.4736 -49.8992 -26.8381 4.80482 3.28846 1.28544
436 2 -1.098 -37.3196 -51.015 -28.1539 2.11055 1.45148 0.473054
437 2 -1.098 -39.9171 -53.6903 -27.4955 7.67982 -2.57193 1.68032
438 2 -1.098 -38.1389 -48.8861 -26.6953 4.89857 -1.32974 2.24111
439 1 2.196 -38.6164 -50.7724 -24.7481 0.184828 0.733324 1.08281
440 2 -1.098 -36.9805 -51.1081 -25.5167 4.08785 -1.27901 -0.278479
441 2 -1.098 -38.221 -49.0516 -23.9403 -0.91135 0.495801 -1.12396
442 1 2.196 -37.7585 -50.4269 -36.1785 -2.30635 -1.72076 5.71839
443 1 2.196 -36.3863 -47.8014 -35.7351 1.56869 -0.944206 1.01827
444 2 -1.098 -39.5356 -50.6478 -36.5446 0.752946 -4.08152 4.21607
445 2 -1.098 -37.2652 -46.6828 -36.8592 2.15002 -6.41078 8.56611
446 1 2.196 -39.425 -47.8765 -34.3136 -3.9738 1.20242 -0.07531
447 1 2.196 -36.9655 -45.9216 -32.9718 -2.30209 1.02993 4.0363
448 2 -1.098 -38.1634 -46.3738 -34.4391 4.06106 -4.06564 -3.48203
449 2 -1.098 -40.5365 -49.3063 -34.249 0.590935 -2.01327 -3.52301
450 2 -1.098 -38.2571 -44.4626 -32.6981 1.74867 -1.75416 -3.49932
451 2 -1.098 -35.8027 -46.8193 -34.158 -0.249131 -3.46923 4.13269
452 1 2.196 -39.0487 -47.9168 -31.2619 1.70235 -4.02855 3.91079
453 1 2.196 -36.5991 -45.6235 -29.9011 0.326579 5.27623 1.27473
454 2 -1.098 -37.5037 -46.6403 -31.3813 -2.83638 -2.78675 -2.51882
455 2 -1.098 -40.3294 -49.3728 -31.1665 1.31338 -3.38899 0.392382
456 2 -1.098 -38.1718 -44.4418 -29.6638 1.40282 -2.45345 -1.15401
457 2 -1.098 -35.0032 -46.6992 -29.4585 -0.28848 -5.05401 -9.44043
458 1 2.196 -38.9607 -47.9165 -28.2871 -0.0107436 -0.516368 3.9911
459 1 2.196 -36.5251 -44.9901 -25.5981 2.38494 -0.725931 1.442
460 2 -1.098 -37.245 -46.9457 -28.5543 6.91288 1.8054 -2.79584
461 2 -1.098 -40.4423 -49.2717 -28.1046 2.44998 -0.948101 -0.821617
462 2 -1.098 -38.279 -44.3727 -26.3228 -5.68269 1.84481 -4.90153
463 2 -1.098 -35.3053 -45.7037 -26.9112 1.33654 -2.05193 4.82861
464 1 2.196 -39.033 -47.877 -25.3011 -2.75354 -2.35509 -2.97315
465 1 2.196 -36.7747 -44.7143 -22.2011 -0.152674 -1.71284 -0.266884
466 2 -1.098 -37.6172 -46.5558 -25.2676 4.84541 0.603881 -5.51139
467 2 -1.098 -40.3471 -49.4566 -25.1354 8.26374 -0.933426 2.11285
468 2 -1.098 -38.5778 -44.5407 -23.2709 1.46278 2.68213 0.951633
469 1 2.196 -38.5369 -47.8004 -22.3641 1.34336 1.48351 4.06385
470 2 -1.098 -37.0829 -46.6623 -22.1371 0.905319 0.528118 2.85943
471 2 -1.098 -40.5721 -49.3353 -22.1957 -4.9297 7.26078 -4.38425
472 2 -1.098 -38.1213 -44.4663 -20.8317 -2.67184 2.73517 0.381773
473 1 2.196 -38.7022 -45.6047 -36.2618 -2.52715 -0.76761 0.153169
474 1 2.196 -38.952 -41.1058 -35.772 3.55637 -0.348624 -0.826796
475 2 -1.098 -40.0288 -46.9366 -35.8562 -2.26132 -5.42703 -6.11629
476 2 -1.098 -37.3107 -39.2602 -34.0096 6.8788 1.35057 -2.92243
477 1 2.196 -39.2149 -43.4822 -34.1194 1.07572 -3.87147 0.369912
478 1 2.196 -37.3392 -40.7624 -32.8134 1.77504 3.85324 0.616672
479 2 -1.098 -38.1049 -41.7679 -34.2195 -3.65046 5.43528 2.91401
480 2 -1.098 -40.5213 -44.9209 -34.2826 1.42801 -0.225185 1.62706
481 2 -1.098 -39.2069 -39.844 -32.6816 -10.6652 -5.9147 -0.376202
482 2 -1.098 -35.6616 -41.639 -32.8528 -2.81854 -2.59868 4.02851
483 1 2.196 -39.1136 -43.55 -31.1097 0.405864 -1.1515 1.0239
484 1 2.196 -36.654 -39.9079 -29.2941 -2.99228 0.396573 -0.0801484
485 2 -1.098 -37.6525 -42.2681 -31.4474 -2.82357 -0.304638 0.706704
486 2 -1.098 -40.5591 -44.818 -31.2331 -8.79844 -7.62349 -2.47686
487 2 -1.098 -38.6055 -40.3101 -29.2794 2.13824 1.00357 1.77121
488 2 -1.098 -35.6634 -41.5323 -29.9045 -0.0812573 0.480548 0.670281
489 1 2.196 -39.132 -43.6782 -27.9413 0.702109 -2.30632 3.17442
490 1 2.196 -37.0548 -41.3354 -26.0706 -3.649 -0.00332014 -4.62544
491 2 -1.098 -37.6423 -42.4395 -27.8162 -1.73779 -3.36353 -2.5248
492 2 -1.098 -40.4776 -45.0467 -28.1704 4.23275 -7.05783 2.37385
493 2 -1.098 -38.4041 -39.8308 -26.1604 -0.145784 4.98709 2.2149
494 2 -1.098 -35.9825 -43.097 -26.2981 2.64967 -0.216306 -1.99219
495 1 2.196 -39.3431 -43.6607 -24.8105 1.5451 0.276774 -1.92316
496 1 2.196 -37.2362 -41.4354 -23.1737 -0.865074 0.30767 3.36171
497 2 -1.098 -38.1408 -42.2563 -24.7206 3.02361 0.305742 2.11827
498 2 -1.098 -40.6386 -45.0848 -25.1481 -0.518219 -0.897324 1.16513
499 2 -1.098 -38.3326 -39.7454 -23.4107 0.0714691 2.79076 -0.313853
500 2 -1.098 -36.5087 -42.9102 -22.2268 -3.63866 6.92585 5.7593
501 1 2.196 -39.5388 -43.701 -21.737 -1.3215 -2.12563 -0.333746
502 2 -1.098 -38.784 -41.9697 -22.1784 3.77437 3.15264 -1.81962
503 2 -1.098 -40.6692 -45.2559 -21.6554 1.99703 6.60161 -1.0386
504 2 -1.098 -42.3826 -44.5726 -18.2846 4.56052 -0.749556 0.900348
505 2 -1.098 -39.7 -41.5828 -37.4398 -6.47047 1.5594 3.62101
506 1 2.196 -38.9123 -38.251 -33.8127 -0.0564479 1.05162 -1.00543
507 2 -1.098 -42.67 -39.5653 -35.4388 7.62933 -0.666936 -6.6215
508 1 2.196 -39.2812 -39.2917 -30.7759 -1.19069 0.577622 -0.296148
509 2 -1.098 -39.6487 -37.5649 -32.1589 -7.14217 -0.229458 -1.1535
510 2 -1.098 -40.7034 -40.4498 -30.7377 -6.01677 -2.21951 0.844171
511 1 2.196 -39.2337 -38.9915 -27.7722 2.15046 -3.76429 -0.917488
512 2 -1.098 -37.4842 -38.3958 -28.456 -5.99009 -5.9992 5.68588
513 2 -1.098 -40.6249 -40.4088 -27.7215 -5.14515 4.43665 -4.36977
514 1 2.196 -38.5331 -38.4 -24.8192 -2.1379 -1.23628 2.12819
515 2 -1.098 -37.6054 -36.928 -24.6678 -0.0846186 6.3481 -3.09589
516 2 -1.098 -40.8579 -40.6679 -24.4429 5.34216 3.74665 2.91665
517 1 2.196 -40.1834 -39.6717 -22.8214 -0.62277 1.45995 0.406291
518 2 -1.098 -41.088 -40.9731 -21.7663 -2.0412 2.69265 0.0405762
519 2 -1.098 -41.4875 -35.6622 -30.6431 1.91733 -4.84504 0.622514
520 2 -1.098 -41.5884 -35.7015 -27.8591 5.33693 -8.51482 0.490511
521 2 -1.098 -40.9871 -35.9231 -24.7782 -1.66488 0.783057 -6.50273
522 2 -1.098 -36.4264 -49.7675 -31.7145 1.62342 4.87749 -0.636337
523 1 2.196 -35.3233 -47.3195 -27.7705 -1.8773 5.89697 0.111339
524 2 -1.098 -35.8001 -49.1697 -28.5436 -1.984 -5.12771 -2.4826
525 2 -1.098 -35.5007 -48.4061 -26.2811 -2.39342 0.70674 -4.77526
526 2 -1.098 -38.1455 -44.0518 -35.4606 1.28273 3.79474 3.81297
527 1 2.196 -35.7402 -42.8206 -31.3941 0.417008 -0.893466 -0.261698
528 2 -1.098 -35.9563 -44.7136 -31.7207 3.56362 2.37998 -5.52749
529 1 2.196 -35.8084 -42.6014 -28.1701 2.75563 3.74581 -0.24976
530 2 -1.098 -35.7323 -43.8964 -29.4934 5.34885 0.57306 -1.79549
531 2 -1.098 -35.9286 -44.8307 -23.8759 -3.17347 4.13934 -2.37521
532 2 -1.098 -37.2626 -39.5586 -31.1051 1.98367 6.30501 0.517611
533 2 -1.098 -35.9995 -40.7246 -27.6302 -2.40029 0.730908 -5.3926
534 2 -1.098 -36.1201 -40.8224 -24.4864 1.67218 3.14515 -1.18349
