1 1 2.196 -98.9391 -95.6852 -58.1328 0.882498 -1.94019 1.5285
2 2 -1.098 -97.922 -97.166 -58.5966 5.09343 -5.07649 1.40985
3 2 -1.098 -99.8779 -96.1733 -56.5904 3.8308 -2.55234 -6.77254
4 2 -1.098 -97.8925 -92.4127 -64.7138 -0.325764 -7.49468 -1.68976
5 1 2.196 -99.5997 -90.7946 -61.1419 -3.57353 -6.03504 1.13217
6 2 -1.098 -98.4796 -92.2782 -61.4376 1.09432 6.257 -1.82349
7 1 2.196 -99.8041 -90.7439 -58.2536 0.731488 -1.41299 -0.289844
8 2 -1.098 -100.61 -91.4863 -59.8213 0.129341 4.3443 -3.41399
9 2 -1.098 -100.559 -89.0587 -58.524 0.846215 -0.891206 -0.0508342
10 2 -1.098 -98.3667 -91.9876 -58.3307 9.67687 4.84189 0.478333
11 1 2.196 -99.745 -90.5392 -55.2752 0.966989 -2.5147 0.382802
12 2 -1.098 -100.537 -91.4881 -56.6538 2.35236 -3.54419 1.54074
13 2 -1.098 -100.429 -88.7078 -55.1602 -4.88724 -5.50249 2.29512
14 2 -1.098 -98.287 -91.9099 -55.0666 -2.76025 -10.4169 -4.92101
15 1 2.196 -99.2996 -90.8767 -52.3356 1.79087 -3.45354 -3.86493
16 2 -1.098 -100.555 -91.0811 -53.6202 1.14408 5.36907 4.70806
17 2 -1.098 -98.1186 -92.3025 -51.8237 3.56605 4.80638 -1.31393
18 2 -1.098 -98.2747 -87.9482 -64.6569 3.17398 -2.05122 3.22064
19 1 2.196 -99.6102 -85.9803 -61.3312 -0.7221 -4.01145 -5.25166
20 2 -1.098 -98.2605 -87.3906 -61.2959 1.25484 -5.25712 4.61784
21 1 2.196 -100.157 -87.2822 -58.7741 -0.184447 2.39152 -3.26917
22 2 -1.098 -100.81 -86.992 -60.4629 2.52623 -1.59451 0.394936
23 2 -1.098 -98.2443 -87.7214 -58.2594 1.7813 -6.25526 -4.4265
24 1 2.196 -99.8645 -86.9678 -55.4836 -2.43876 1.1666 -1.32185
25 2 -1.098 -100.471 -86.5276 -57.1192 1.33656 4.45173 -12.9868
26 2 -1.098 -98.145 -87.7128 -55.3085 -2.24327 2.59682 -2.8437
27 2 -1.098 -98.0773 -87.5561 -52.1275 -5.97176 -2.95006 -0.042286
28 2 -1.098 -98.9517 -84.0563 -61.3097 -2.86056 3.26406 -5.55846
29 2 -1.098 -98.5501 -83.3147 -58.1947 0.571777 -4.51872 -6.64879
30 2 -1.098 -97.8417 -83.0011 -55.0656 -2.17986 5.35937 -0.935102
31 1 2.196 -96.0525 -97.9064 -55.545 3.29817 5.9432 0.0968711
32 2 -1.098 -96.918 -98.8418 -56.8128 4.62277 -6.61696 -1.3322
33 2 -1.098 -97.6617 -97.0674 -55.0896 -9.02894 3.04185 -2.36917
34 1 2.196 -95.3384 -95.7589 -64.1632 -0.211971 0.157061 -1.0467
35 2 -1.098 -96.5025 -94.3056 -64.2009 -5.29164 -7.30689 -1.92707
36 2 -1.098 -95.4594 -96.2837 -65.9455 1.85615 -0.136159 -1.47818
37 1 2.196 -95.2822 -95.5045 -61.2448 -0.519219 3.73317 -0.0376878
38 2 -1.098 -96.0167 -96.5899 -62.6976 -3.85278 -6.20286 0.258886
39 2 -1.098 -96.568 -93.9136 -61.4622 -0.330568 7.06103 -1.09012
40 2 -1.098 -93.7995 -96.6128 -61.4566 -0.901635 2.63764 0.38898
41 1 2.196 -96.1362 -97.9748 -58.3396 -1.12187 1.27574 -5.99541
42 1 2.196 -95.048 -94.9623 -58.2442 2.69773 -1.27098 0.50265
43 2 -1.098 -95.9065 -96.0719 -59.516 9.03136 -7.7209 -4.36427
44 2 -1.098 -96.4384 -93.6411 -58.3487 -1.89813 6.31575 -2.59541
45 2 -1.098 -93.6112 -96.2409 -58.3471 2.26188 -0.92554 -1.53778
46 1 2.196 -98.7087 -95.6123 -55.2636 -0.662913 1.03826 -4.87434
47 1 2.196 -94.9933 -94.8985 -55.3175 -1.1975 1.16216 -2.29116
48 2 -1.098 -95.8005 -95.9671 -56.6869 -6.011 -4.4924 2.36869
49 2 -1.098 -96.4989 -93.6613 -55.243 1.81117 -2.58327 2.79185
50 2 -1.098 -93.5396 -96.3227 -55.4099 0.00930991 -0.559556 3.61219
51 1 2.196 -94.9087 -95.1682 -52.3423 0.874004 0.663068 0.00960666
52 2 -1.098 -95.7499 -95.8216 -53.8834 -0.145679 0.98353 2.76755
53 2 -1.098 -96.2877 -93.9477 -52.1173 1.06017 -4.60095 -3.50865
54 2 -1.098 -93.5393 -96.4048 -52.459 -0.686187 -1.32613 -2.3144
55 1 2.196 -94.4189 -95.1701 -49.0112 -1.13813 0.711381 -0.656169
56 2 -1.098 -94.5707 -96.7091 -50.0637 -4.1689 -3.26675 -8.03141
57 2 -1.098 -96.1013 -94.4144 -49.4558 -2.39248 3.97781 -2.64815
58 2 -1.098 -92.4653 -96.2658 -49.021 -7.72847 2.34392 1.82184
59 1 2.196 -95.0316 -90.3673 -67.4386 0.158892 -1.90936 1.04748
60 2 -1.098 -96.3526 -89.0671 -67.5301 4.29911 1.04884 -3.57501
61 2 -1.098 -93.7559 -91.7673 -67.4937 -2.01105 -2.4966 -8.6626
62 1 2.196 -96.4769 -93.187 -65.7079 2.11136 -5.558 1.36612
63 1 2.196 -94.9809 -90.5682 -64.4488 -0.460083 -1.51233 3.86155
64 2 -1.098 -95.8909 -91.4188 -66.0227 1.8104 -1.64243 0.151647
65 2 -1.098 -96.2663 -89.1952 -64.5578 9.2368 -6.20455 2.03606
66 2 -1.098 -93.7202 -91.9705 -64.4633 0.641275 2.82883 -2.62135
67 1 2.196 -97.3522 -92.9704 -62.8844 -1.57631 0.0813173 -1.58008
68 1 2.196 -95.1623 -90.6732 -61.4576 -0.907715 -5.99413 0.284962
69 2 -1.098 -95.9879 -91.5819 -63.0565 1.62002 -1.62712 -0.0790739
70 2 -1.098 -96.5755 -89.435 -61.4452 -5.26422 4.96042 2.06672
71 2 -1.098 -93.7756 -92.0664 -61.5445 -1.97347 2.11605 4.5176
72 1 2.196 -97.5057 -93.0771 -59.88 -0.609539 0.417806 -2.20027
73 1 2.196 -95.1302 -90.7731 -58.4165 0.216889 0.926503 0.649806
74 2 -1.098 -96.1535 -91.6559 -60.0084 2.11928 7.08279 5.37132
75 2 -1.098 -98.6903 -94.4671 -59.4941 -9.60818 3.62362 1.8087
76 2 -1.098 -96.4315 -89.4239 -58.4734 3.09884 -3.851 -0.251948
77 2 -1.098 -93.674 -92.0647 -58.555 5.93845 6.21448 -2.78603
78 1 2.196 -97.4687 -92.7869 -56.7619 0.763716 1.65487 0.836259
79 1 2.196 -95.0338 -90.7055 -55.369 -2.34897 -0.199873 -2.27984
80 2 -1.098 -96.0026 -91.442 -56.7914 4.47482 -1.87484 -2.67802
81 2 -1.098 -98.3249 -94.508 -56.7975 1.42273 -6.97547 4.23745
82 2 -1.098 -96.3093 -89.3214 -55.2613 1.43451 -0.732164 2.5614
83 2 -1.098 -93.5718 -92.0001 -55.4102 3.33876 -6.1896 -1.34044
84 1 2.196 -97.2806 -92.9005 -53.5647 -1.32601 -2.28992 -4.42721
85 1 2.196 -94.8392 -90.6052 -52.4059 1.06623 -1.50332 1.1601
86 2 -1.098 -95.8689 -91.5355 -53.8394 3.18437 -1.38668 2.624
87 2 -1.098 -98.5015 -94.3315 -53.8893 -3.48823 -3.50408 2.78959
88 2 -1.098 -96.3081 -89.391 -52.1617 -4.18618 7.11473 -0.0165586
89 2 -1.098 -93.4163 -91.8496 -52.4867 1.29927 0.791844 -1.13137
90 1 2.196 -96.7781 -93.0264 -50.4086 2.51545 -2.42949 -1.1412
91 1 2.196 -95.0672 -90.7066 -49.3292 0.362909 0.759876 4.44848
92 2 -1.098 -95.6263 -91.6713 -51.0457 -3.39044 -2.34386 0.627954
93 2 -1.098 -96.1918 -89.0133 -49.3609 5.29104 -0.462452 -2.7717
94 2 -1.098 -93.5917 -91.9756 -49.4536 -4.62962 1.28983 2.21067
95 2 -1.098 -96.5795 -91.8501 -48.954 3.47341 4.16794 -4.31352
96 1 2.196 -94.696 -85.8831 -67.3808 4.35709 2.89188 0.161679
97 2 -1.098 -93.8337 -87.5132 -67.4496 -6.24898 7.76283 -2.02311
98 1 2.196 -97.0748 -88.2173 -66.0185 0.982292 1.62218 -1.83482
99 1 2.196 -95.2967 -86.2433 -64.3705 1.02149 0.142095 -1.98758
100 2 -1.098 -96.0245 -86.741 -66.2226 -5.24757 -2.70267 -3.67042
101 2 -1.098 -96.6715 -84.9744 -64.1149 2.60426 2.04549 0.127211
102 2 -1.098 -93.8017 -87.5394 -64.683 1.34955 -3.63328 9.63809
103 1 2.196 -97.6653 -88.4489 -62.9015 2.36505 1.81829 0.483536
104 1 2.196 -95.2937 -86.1941 -61.4647 0.547723 2.81577 3.27759
105 2 -1.098 -96.1763 -87.2052 -62.9529 -4.46634 -6.25564 -0.590719
106 2 -1.098 -99.0538 -89.713 -62.5505 1.93431 -7.09769 3.56866
107 2 -1.098 -96.6796 -84.9177 -61.3888 -6.8139 1.88546 2.51231
108 2 -1.098 -93.8149 -87.4679 -61.5341 -1.15029 3.88558 8.6022
109 1 2.196 -97.3718 -88.4672 -59.8595 0.567241 3.04534 2.9608
110 1 2.196 -95.2195 -86.2716 -58.4261 0.621095 2.97294 -0.79969
111 2 -1.098 -96.0312 -87.0728 -59.959 5.33456 2.2048 -2.65538
112 2 -1.098 -98.6428 -89.8333 -59.8834 5.96928 0.628456 7.0397
113 2 -1.098 -96.7927 -85.0503 -58.1023 0.760695 2.48531 -0.56715
114 2 -1.098 -93.8081 -87.5293 -58.4054 2.6189 3.58566 8.07242
115 1 2.196 -97.2446 -88.6577 -56.8846 -1.05634 0.332519 -2.21966
116 1 2.196 -95.0482 -86.1935 -55.5814 -2.14983 -5.20713 -1.33665
117 2 -1.098 -95.9801 -87.2268 -56.9433 9.66278 -5.33972 -1.7584
118 2 -1.098 -98.6543 -89.9124 -56.75 0.216346 -1.0151 -3.38158
119 2 -1.098 -96.306 -84.7743 -55.3571 -1.99336 2.88302 -4.42422
120 2 -1.098 -93.5637 -87.5415 -55.4978 9.16343 -2.0536 -4.04307
121 1 2.196 -97.1876 -88.4366 -53.8356 -1.85161 -0.748619 0.534457
122 1 2.196 -94.9552 -86.151 -52.5883 -3.31555 2.71085 2.92366
123 2 -1.098 -95.6237 -87.2265 -54.0743 1.79183 0.349313 1.34034
124 2 -1.098 -98.4661 -89.7352 -53.5521 -9.33922 -2.64538 -0.271974
125 2 -1.098 -96.6983 -85.5246 -52.8738 -1.56685 0.0968289 2.97512
126 2 -1.098 -93.6629 -87.4776 -52.3427 1.54189 -0.949156 -0.631472
127 1 2.196 -97.4136 -88.6705 -50.7911 -3.98643 -1.17662 -1.02596
128 1 2.196 -95.5719 -87.2763 -49.1428 1.28335 0.4184 -2.13494
129 2 -1.098 -95.7952 -86.8279 -50.9271 5.32962 1.0309 0.831699
130 2 -1.098 -98.7811 -89.928 -50.8667 2.04755 -5.06664 -5.83769
131 2 -1.098 -95.0869 -85.9045 -48.0547 3.61323 6.33896 0.7439
132 2 -1.098 -93.6748 -87.7494 -49.2934 2.20548 -3.28569 2.4148
133 2 -1.098 -97.6228 -87.0012 -49.6726 7.73136 3.30529 5.26355
134 1 2.196 -93.0418 -81.1591 -63.6575 -3.48452 2.1889 1.37255
135 2 -1.098 -93.6666 -82.8443 -64.5341 -8.32093 -4.77764 -2.74044
136 1 2.196 -97.8127 -84.2943 -62.8753 -1.43008 2.40529 -0.206217
137 1 2.196 -95.6519 -82.089 -61.4868 -0.902416 -0.916577 -1.00092
138 2 -1.098 -97.042 -82.5438 -62.5818 5.57203 -3.96443 3.29808
139 2 -1.098 -99.1242 -85.6491 -63.0644 1.43748 3.86154 -2.27058
140 2 -1.098 -94.0577 -83.1473 -61.4502 -3.32603 -2.13361 0.337109
141 1 2.196 -97.7926 -84.2343 -59.6691 0.0474049 0.886555 -0.195206
142 1 2.196 -95.5154 -81.912 -58.4006 -2.09709 -0.725356 -2.69539
143 2 -1.098 -96.454 -82.7579 -59.9133 -3.10815 -6.77306 -1.78871
144 2 -1.098 -99.0357 -85.7037 -59.5109 1.21526 -4.22252 2.6542
145 2 -1.098 -94.8212 -80.5126 -57.3797 5.80144 -0.97263 14.5572
146 2 -1.098 -93.9459 -83.0548 -58.4688 5.56618 -0.933893 -3.70292
147 1 2.196 -97.7938 -84.0713 -56.6981 1.21718 -1.53786 -0.158648
148 1 2.196 -95.7842 -82.8736 -55.0115 0.0564641 1.18 0.416391
149 2 -1.098 -96.2445 -82.7819 -56.918 2.33902 2.55643 1.91462
150 2 -1.098 -98.9155 -85.2629 -55.2307 -3.91643 -1.66532 -2.40178
151 2 -1.098 -93.9019 -83.1571 -55.5006 2.30086 -2.85975 3.08945
152 1 2.196 -97.9937 -84.3508 -53.7036 -1.67539 0.572297 -0.0677764
153 1 2.196 -95.6014 -83.0687 -51.396 4.16503 -0.710037 1.89228
154 2 -1.098 -96.2766 -83.2292 -53.1848 0.428204 -0.0498298 0.0645868
155 2 -1.098 -99.113 -84.942 -52.3171 1.30158 5.0625 -0.460961
156 2 -1.098 -93.664 -82.7672 -52.6146 0.433944 -3.5821 -4.95735
157 1 2.196 -97.7367 -85.8408 -51.1634 1.31517 2.08606 -0.117887
158 2 -1.098 -96.9171 -84.1649 -50.6841 2.73601 -2.21487 -2.43891
159 2 -1.098 -94.0227 -83.3355 -49.5433 -6.1043 -1.58008 -1.60714
160 2 -1.098 -91.8324 -96.2981 -65.7399 3.98251 4.15184 -0.969486
161 1 2.196 -90.7312 -99.4813 -61.6699 2.63801 -0.044854 0.36427
162 2 -1.098 -91.9588 -99.2355 -63.2194 0.396432 -0.0963409 3.42872
163 1 2.196 -90.7378 -99.6616 -58.5842 1.70788 2.25527 0.587015
164 2 -1.098 -92.2069 -98.3835 -61.0888 -7.47552 -0.489706 -1.32811
165 2 -1.098 -92.134 -98.3181 -58.3914 -1.0673 -1.2211 -0.431685
166 2 -1.098 -90.9462 -100.663 -60.1813 1.2614 2.20058 2.89284
167 1 2.196 -90.7366 -99.9159 -55.4395 -0.058256 -0.738167 -5.34401
168 2 -1.098 -91.2202 -100.664 -57.0112 -3.75771 -1.22845 5.88989
169 2 -1.098 -92.1574 -98.4631 -55.517 -1.50075 5.90632 -4.11901
170 2 -1.098 -88.9041 -100.499 -55.0309 -4.14746 -0.0619789 3.64965
171 1 2.196 -90.6689 -99.4704 -52.4838 -2.20345 3.37182 0.411092
172 2 -1.098 -91.2695 -100.608 -53.7249 4.20884 3.48312 -3.5011
173 2 -1.098 -92.2781 -98.4788 -52.1341 2.29356 -0.146733 -1.83194
174 1 2.196 -91.3032 -95.6547 -68.0948 -1.57702 0.348683 -1.62101
175 2 -1.098 -92.167 -94.1901 -67.2594 3.37847 2.47342 -3.55236
176 2 -1.098 -89.7495 -96.618 -67.6756 -1.94631 3.76795 9.36648
177 1 2.196 -93.6414 -96.7026 -66.3248 -1.38272 5.0301 -0.743053
178 1 2.196 -90.776 -95.2785 -64.4994 -3.36276 -1.62605 -1.0109
179 2 -1.098 -92.8957 -96.6897 -68.0894 1.62832 8.52431 1.52582
180 2 -1.098 -92.0895 -93.9318 -64.5608 1.04257 0.473732 3.20797
181 2 -1.098 -89.051 -96.6233 -64.6973 -5.96173 -1.14285 8.30772
182 1 2.196 -92.8427 -97.6328 -62.8186 3.19594 -0.699342 -1.77683
183 1 2.196 -90.5894 -95.2956 -61.5654 -1.58219 -4.53409 -0.563139
184 2 -1.098 -91.4886 -96.2389 -62.9997 -3.55179 -4.04404 -1.33361
185 2 -1.098 -93.8126 -96.9761 -64.349 4.85112 -0.943593 6.80654
186 2 -1.098 -91.9326 -93.8046 -61.5667 -5.564 3.06057 3.03463
187 2 -1.098 -89.0493 -96.4371 -61.6284 0.628838 1.5594 4.65911
188 1 2.196 -93.081 -97.3959 -59.7645 6.62922 2.04012 -3.89193
189 1 2.196 -90.6793 -95.2542 -58.4546 0.814593 -0.241397 -0.309186
190 2 -1.098 -91.4772 -96.0497 -60.0302 2.21183 3.6582 -8.25231
191 2 -1.098 -94.7036 -98.3562 -59.471 0.755176 -0.0680836 1.95566
192 2 -1.098 -91.8942 -93.761 -58.5605 0.323062 0.60484 5.01148
193 2 -1.098 -89.1639 -96.4531 -58.5595 -5.61497 3.29241 -2.91063
194 1 2.196 -92.8797 -97.4335 -56.9049 -0.475337 5.55085 -0.942412
195 1 2.196 -90.6927 -95.2453 -55.4684 0.406149 -1.30325 0.227014
196 2 -1.098 -91.449 -96.1194 -56.9666 -5.20371 7.33332 -5.10118
197 2 -1.098 -94.6542 -98.1404 -56.9515 1.56035 -2.6527 -2.3286
198 2 -1.098 -91.9392 -93.8052 -55.419 5.97776 -1.6479 2.16063
199 2 -1.098 -89.1851 -96.3309 -55.5796 2.63121 0.792174 6.18761
200 1 2.196 -92.9578 -97.5045 -53.9659 0.249206 -1.29127 0.0725301
201 1 2.196 -90.5682 -95.1735 -52.4417 -2.53974 -2.4515 2.19585
202 2 -1.098 -91.3458 -96.2591 -53.9055 -4.76799 -6.10689 -1.16162
203 2 -1.098 -94.6337 -98.2791 -54.2553 -1.95995 -4.10806 4.91879
204 2 -1.098 -91.9393 -93.8593 -52.3918 -2.81773 4.2792 -0.766047
205 2 -1.098 -88.9971 -96.3454 -52.3946 -1.26712 4.73873 -3.97145
206 1 2.196 -92.9065 -97.1316 -50.7842 0.820381 5.06298 0.264635
207 1 2.196 -90.7577 -95.2697 -49.4351 -1.81232 -3.14989 -2.20144
208 2 -1.098 -91.346 -96.16 -51.0514 2.28916 7.06676 -1.86918
209 2 -1.098 -91.9038 -93.7599 -49.4451 -7.9658 -4.40896 0.947681
210 2 -1.098 -89.6783 -94.5979 -47.9442 1.31955 -1.78817 5.68717
211 2 -1.098 -91.1237 -93.0984 -46.7031 0.674141 5.25437 -5.02449
212 1 2.196 -90.6852 -90.8418 -67.5549 -3.20585 -1.45575 2.54267
213 2 -1.098 -90.8328 -91.7076 -69.2379 -3.78756 -0.979928 0.178032
214 2 -1.098 -91.7791 -89.1534 -67.6929 -2.67697 0.221961 -1.5916
215 2 -1.098 -89.3656 -92.1489 -67.3445 2.55001 0.996437 8.22365
216 1 2.196 -93.0076 -92.9462 -66.165 0.978049 0.497577 1.53939
217 1 2.196 -90.7263 -90.7785 -64.5135 0.686331 2.49538 1.04623
218 2 -1.098 -91.5861 -91.6264 -66.0142 6.87426 4.05151 2.54027
219 2 -1.098 -94.7351 -93.8019 -66.0296 -2.66286 -3.49705 2.04913
220 2 -1.098 -91.9944 -89.2774 -64.5961 0.728448 10.5675 -5.28704
221 2 -1.098 -89.2455 -92.0938 -64.4135 -3.23951 -2.26435 -5.45642
222 1 2.196 -92.9482 -93.0303 -62.9871 3.1218 0.531486 -0.702137
223 1 2.196 -90.6535 -90.7885 -61.5357 -0.373472 -0.729515 3.13578
224 2 -1.098 -91.5643 -91.6143 -63.0252 -2.23093 2.06789 2.08912
225 2 -1.098 -94.3784 -94.5013 -62.9583 5.77161 8.77904 1.2279
226 2 -1.098 -91.9991 -89.2851 -61.5122 -2.74486 1.32777 -4.26877
227 2 -1.098 -89.2251 -92.0953 -61.611 -4.4052 2.18697 0.84884
228 1 2.196 -92.9028 -93.0081 -60.0687 -1.49124 -2.15024 -2.15996
229 1 2.196 -90.6814 -90.7165 -58.6114 0.435866 -3.63601 0.658065
230 2 -1.098 -91.566 -91.5986 -60.0307 -1.74569 -4.05151 0.526764
231 2 -1.098 -94.2306 -94.3606 -60.0086 -0.669269 -0.934045 0.874171
232 2 -1.098 -92.084 -89.3504 -58.6184 -3.74652 -6.22198 -2.67872
233 2 -1.098 -89.2319 -92.0233 -58.5327 2.55568 0.376107 -7.87099
234 1 2.196 -92.7443 -92.821 -56.9323 0.35053 -0.595254 1.87364
235 1 2.196 -90.5355 -90.641 -55.493 -3.72081 -1.11505 -4.89624
236 2 -1.098 -91.4543 -91.4914 -56.9504 -5.45735 3.52084 -1.31724
237 2 -1.098 -94.166 -94.0001 -56.8013 -0.14674 6.00945 -0.340315
238 2 -1.098 -91.9287 -89.4188 -55.4958 -0.860451 -4.47044 -3.29305
239 2 -1.098 -89.3392 -92.1001 -55.4819 -1.35492 1.21826 1.74539
240 1 2.196 -92.7351 -92.8144 -53.9465 -2.15263 -1.50798 1.36301
241 1 2.196 -90.5188 -90.6832 -52.4504 4.13059 -2.89356 -6.55621
242 2 -1.098 -91.2769 -91.5737 -53.9491 -5.56954 3.02499 -0.145482
243 2 -1.098 -94.1373 -94.0794 -53.8143 1.03456 -0.297723 -0.409662
244 2 -1.098 -92.0126 -89.4193 -52.5287 1.90718 -2.73795 1.15842
245 2 -1.098 -89.26 -92.1236 -52.4732 -5.14771 2.50555 -3.86782
246 1 2.196 -92.7437 -92.8033 -50.9001 -2.50915 -1.72458 -2.03778
247 1 2.196 -90.4044 -90.5756 -49.4738 -3.7005 -1.08268 1.79085
248 2 -1.098 -91.3105 -91.4878 -50.8439 4.17243 4.21739 5.65038
249 2 -1.098 -94.0145 -94.3168 -50.7794 -0.101859 -7.40296 8.98096
250 2 -1.098 -91.6725 -89.1602 -49.6502 -1.0195 1.14913 3.12395
251 2 -1.098 -89.2171 -92.1311 -49.2127 0.0482923 2.04999 4.84529
252 1 2.196 -92.6204 -92.6028 -47.809 2.47541 -4.65334 -0.0328503
253 1 2.196 -89.5899 -89.4414 -46.3717 0.134688 -0.778948 -1.48552
254 2 -1.098 -91.5774 -91.0343 -47.962 6.62918 6.47081 6.6118
255 2 -1.098 -93.8563 -94.0243 -47.6775 4.55532 -8.39567 0.952355
256 2 -1.098 -91.3741 -88.8498 -46.3175 -1.27367 -2.61748 2.11452
257 2 -1.098 -88.9432 -91.1916 -46.4378 -4.63388 -0.124898 -3.96775
258 1 2.196 -90.672 -88.167 -68.7954 1.24197 0.162404 1.5521
259 1 2.196 -89.5605 -85.6753 -67.7064 -2.22866 0.343599 -3.97979
260 2 -1.098 -90.9409 -86.1899 -68.7223 -4.69379 0.412253 2.70947
261 2 -1.098 -93.6202 -84.5049 -67.7422 1.9388 6.4102 0.215045
262 2 -1.098 -89.2498 -87.5405 -67.5661 -7.28073 0.896495 -0.483679
263 1 2.196 -92.7157 -88.3077 -66.1456 0.774821 -1.30225 -0.656168
264 1 2.196 -90.6086 -86.0353 -64.5365 2.71981 2.3744 7.6109
265 2 -1.098 -91.3446 -87.0557 -65.9791 -1.69275 -1.82338 0.983552
266 2 -1.098 -94.1803 -89.6194 -66.0063 4.18446 0.162426 5.31293
267 2 -1.098 -92.0319 -84.7385 -64.5692 4.38527 -2.60964 0.22783
268 2 -1.098 -89.1571 -87.4459 -64.5022 -6.26177 -0.992406 2.81312
269 1 2.196 -92.883 -88.382 -63.0371 2.27714 1.20918 0.599878
270 1 2.196 -90.6867 -86.1998 -61.5111 2.80635 0.272217 2.59106
271 2 -1.098 -91.5653 -87.0063 -63.0881 -7.42943 3.1462 0.0780435
272 2 -1.098 -94.2316 -89.6937 -62.9908 -0.438281 2.84748 4.91076
273 2 -1.098 -92.2119 -84.865 -61.4526 1.22287 -2.38804 2.00821
274 2 -1.098 -89.3651 -87.6148 -61.4469 2.65305 -3.98459 1.66127
275 1 2.196 -92.941 -88.412 -60.0268 -1.03586 0.842315 2.26938
276 1 2.196 -90.6679 -86.1698 -58.5758 -2.17137 2.43391 -1.63654
277 2 -1.098 -91.578 -87.1124 -60.0451 0.226219 -7.11156 -2.01907
278 2 -1.098 -94.2498 -89.8444 -60.0194 -1.87019 -3.22396 -0.216617
279 2 -1.098 -92.046 -84.7551 -58.6231 0.324079 3.40541 0.539361
280 2 -1.098 -89.2273 -87.475 -58.5718 -0.534047 -1.88132 0.326441
281 1 2.196 -92.8423 -88.5111 -56.9966 0.358797 -2.83043 3.81521
282 1 2.196 -90.607 -86.133 -55.5035 2.14592 0.509197 1.11558
283 2 -1.098 -91.5095 -87.0428 -57.022 0.261444 2.31656 2.68907
284 2 -1.098 -94.1841 -89.8843 -56.9877 -0.191637 9.04697 8.26887
285 2 -1.098 -91.9353 -84.6227 -55.5382 6.75914 0.803854 -1.70978
286 2 -1.098 -89.3094 -87.5069 -55.5775 -0.844717 -6.00204 0.449463
287 1 2.196 -92.8382 -88.4009 -53.9697 0.225675 -2.78018 2.40594
288 1 2.196 -90.5266 -86.062 -52.4976 0.598703 -1.15106 0.757382
289 2 -1.098 -91.4274 -86.9928 -53.9556 3.97775 2.79309 -4.1185
290 2 -1.098 -94.1741 -89.6982 -53.964 -2.57847 -5.69278 3.28318
291 2 -1.098 -91.9992 -84.7522 -52.4981 -5.67947 1.84333 -3.27369
292 2 -1.098 -89.2701 -87.5173 -52.6048 0.596632 -7.20502 2.32138
293 1 2.196 -92.7489 -88.4613 -50.9656 -4.7573 1.33439 -0.584938
294 1 2.196 -90.7662 -86.2222 -49.6091 -1.72701 -2.39782 0.374267
295 2 -1.098 -91.4676 -87.0849 -51.1535 -4.4285 -1.16971 -1.41751
296 2 -1.098 -94.1154 -89.8255 -50.8552 -1.32313 2.912 -1.284
297 2 -1.098 -92.2777 -85.0979 -49.6915 1.34098 2.33747 8.31554
298 2 -1.098 -89.1683 -87.3864 -49.7339 -4.45815 -3.13803 2.16825
299 1 2.196 -92.3911 -88.7717 -47.9146 -2.46604 1.0353 -2.14288
300 1 2.196 -90.736 -85.9849 -46.7378 -1.19063 0.873989 -1.35588
301 2 -1.098 -91.5229 -87.073 -48.1063 2.77574 2.17823 -7.29994
302 2 -1.098 -93.9431 -89.9478 -47.9032 -6.56632 -3.48133 3.16904
303 2 -1.098 -89.4105 -87.3919 -46.772 1.34146 -3.20188 -2.86397
304 2 -1.098 -89.0056 -82.1754 -66.744 3.65187 2.86871 -5.63777
305 1 2.196 -92.9664 -83.9512 -66.0395 -0.260552 2.82995 2.62703
306 1 2.196 -90.3713 -81.7937 -65.6168 -1.4564 -0.536954 2.23282
307 2 -1.098 -91.5131 -82.951 -66.3727 2.9345 1.53186 0.59453
308 2 -1.098 -94.4122 -85.0995 -65.6725 -0.272943 6.70371 3.54983
309 2 -1.098 -91.7293 -80.8058 -64.9176 0.69426 -3.00267 -2.78494
310 2 -1.098 -89.2089 -82.8854 -64.4457 -4.18632 -0.46474 -8.89815
311 1 2.196 -93.0519 -84.1274 -62.9759 -2.35203 -1.58942 1.17995
312 1 2.196 -90.6834 -81.6202 -61.7359 3.24298 -4.08541 1.20135
313 2 -1.098 -91.8841 -82.4984 -62.922 2.06676 2.89734 -1.38768
314 2 -1.098 -94.3551 -85.3978 -62.9755 -0.0938339 -1.31628 2.10543
315 2 -1.098 -92.2157 -80.4156 -61.8468 -3.59643 2.17668 -9.56727
316 2 -1.098 -89.4057 -83.0774 -61.4743 0.315401 -0.490644 -1.46865
317 1 2.196 -93.0433 -83.9489 -60.0032 -7.18349 -3.37626 0.0332717
318 1 2.196 -90.6341 -81.5345 -58.504 -1.38924 -4.39679 -1.85543
319 2 -1.098 -92.0122 -82.2145 -60.124 3.25323 0.86344 1.85432
320 2 -1.098 -94.4538 -85.3087 -59.9142 -4.10341 0.701218 -0.627688
321 2 -1.098 -92.0127 -80.1879 -58.7557 2.02372 0.0886646 -3.93563
322 2 -1.098 -89.2899 -82.9419 -58.5875 3.3381 2.59553 -5.97643
323 1 2.196 -92.8991 -83.8516 -57.0485 -4.07647 2.24486 0.32229
324 1 2.196 -90.7111 -81.6241 -55.5139 2.31128 -2.37127 1.75181
325 2 -1.098 -91.5934 -82.5312 -57.1353 -2.13843 -2.39961 -0.603159
326 2 -1.098 -94.2381 -85.2375 -57.0217 6.68215 1.88324 3.88891
327 2 -1.098 -92.2557 -80.5289 -55.6388 1.22789 -1.77776 -1.18422
328 2 -1.098 -89.242 -82.9805 -55.4555 -5.83822 -8.53811 1.52816
329 1 2.196 -92.8589 -83.8755 -54.0659 0.93819 2.24845 -0.680853
330 1 2.196 -90.6809 -81.3936 -52.45 1.93863 -1.42982 2.60211
331 2 -1.098 -91.5092 -82.4996 -53.9885 -2.51689 0.152198 2.7789
332 2 -1.098 -94.1825 -85.2357 -54.0333 -6.606 3.16873 4.20652
333 2 -1.098 -92.4079 -80.4756 -52.4861 -6.43035 -1.38914 2.0524
334 2 -1.098 -89.1399 -82.8709 -52.3629 2.52447 -4.36278 -7.67754
335 1 2.196 -92.8027 -83.7535 -51.0503 -2.89312 -1.52992 -0.67923
336 1 2.196 -89.494 -82.5638 -50.2816 2.18193 -1.85871 2.96991
337 2 -1.098 -91.3228 -82.6394 -51.0657 -4.60536 -1.27913 8.57308
338 2 -1.098 -94.4991 -84.7168 -51.4443 3.1362 -2.87901 -3.79617
339 2 -1.098 -89.818 -82.6347 -48.4072 -2.24858 4.42617 -2.55892
340 1 2.196 -93.5877 -84.7521 -48.3169 -0.429177 0.117047 1.05659
341 2 -1.098 -92.3982 -85.0439 -46.8363 -0.214778 3.38806 4.49027
342 2 -1.098 -94.6028 -81.0386 -62.6622 -9.36882 2.82292 -2.6537
343 2 -1.098 -88.7449 -78.4579 -61.6588 0.958177 4.52231 -10.169
344 1 2.196 -93.1132 -80.4683 -60.21 -0.406334 -0.0659418 0.845622
345 2 -1.098 -94.8729 -81.0217 -60.0063 4.19416 -0.310319 -4.87244
346 2 -1.098 -88.9232 -78.3994 -58.5346 2.16525 0.847888 0.835367
347 1 2.196 -93.9965 -79.9536 -55.7645 0.392627 5.014 -3.63747
348 2 -1.098 -94.1988 -79.0661 -54.1417 2.9136 8.10936 -7.64987
349 2 -1.098 -95.0156 -81.226 -54.5746 -1.10841 -2.55596 3.08443
350 2 -1.098 -88.7128 -78.4269 -55.3556 2.90665 5.4628 3.31289
351 1 2.196 -94.2254 -80.5605 -52.8603 1.32403 5.01636 0.947314
352 2 -1.098 -95.3321 -81.244 -51.5238 -0.17542 0.319177 -2.48113
353 2 -1.098 -86.7547 -96.3474 -65.8302 -0.830354 -0.142102 1.89725
354 1 2.196 -85.5422 -99.4239 -61.4722 0.394155 0.273761 3.92582
355 2 -1.098 -87.1303 -98.2187 -61.5498 0.980299 0.764642 1.89856
356 1 2.196 -86.1899 -99.6856 -58.5155 -1.68563 0.425467 -1.25082
357 2 -1.098 -85.9958 -100.659 -60.1197 -2.0445 -3.10184 3.73133
358 2 -1.098 -87.5764 -98.3903 -58.6363 0.0530088 -4.4944 2.04584
359 1 2.196 -87.0746 -100.061 -55.3822 -1.3812 -1.19197 1.83943
360 2 -1.098 -86.7375 -100.651 -57.0491 0.538142 -1.75651 4.16908
361 2 -1.098 -87.6017 -98.289 -55.6069 3.46045 -2.68194 -0.329192
362 2 -1.098 -87.6556 -98.374 -52.5635 4.03074 -6.34317 3.22927
363 1 2.196 -86.2648 -93.1577 -67.6698 -6.51406 3.21217 3.56918
364 2 -1.098 -90.161 -94.4799 -69.1538 5.53072 5.04747 -3.31301
365 1 2.196 -88.498 -96.0421 -66.4458 -1.04256 -1.69586 0.418403
366 1 2.196 -85.8356 -95.1871 -64.6719 -3.03078 3.32324 -1.34336
367 2 -1.098 -87.6873 -94.3393 -67.2081 2.62857 -3.4319 9.13664
368 2 -1.098 -87.4097 -93.9993 -64.5816 -3.58929 -1.78742 -0.912131
369 2 -1.098 -84.282 -96.1414 -64.3854 0.568516 4.64072 1.17944
370 1 2.196 -88.1897 -97.4592 -63.1461 2.22039 -2.33848 -1.36839
371 1 2.196 -86.1103 -95.1988 -61.5796 -1.25819 -2.87522 -2.32055
372 2 -1.098 -86.7506 -96.1252 -63.2102 -1.5562 -0.185369 0.916179
373 2 -1.098 -89.3228 -98.9089 -62.7081 6.49153 3.12059 4.68862
374 2 -1.098 -87.3425 -93.8376 -61.5031 -2.43373 10.0051 -1.79698
375 2 -1.098 -84.7818 -96.5262 -61.4864 -5.995 -4.11264 -1.89464
376 1 2.196 -88.3196 -97.4283 -60.0939 0.328664 -1.35314 -0.210043
377 1 2.196 -86.1163 -95.1853 -58.507 -2.14871 -1.88953 2.89724
378 2 -1.098 -86.9633 -96.028 -60.0188 0.471107 -6.45879 4.67372
379 2 -1.098 -89.8079 -98.6329 -60.0233 4.71874 -8.23785 -0.513993
380 2 -1.098 -87.6141 -93.8347 -58.5074 8.27407 1.22016 3.75581
381 2 -1.098 -84.5964 -96.3301 -58.4973 -3.5675 7.85096 0.324697
382 1 2.196 -88.4333 -97.3413 -57.058 0.326199 -2.68445 3.37675
383 1 2.196 -86.182 -95.1605 -55.5307 2.18284 2.13086 0.778662
384 2 -1.098 -86.94 -96.0558 -57.0052 4.86255 1.67485 0.180556
385 2 -1.098 -89.8174 -98.6973 -56.961 2.1484 0.375736 -5.15526
386 2 -1.098 -87.548 -93.8426 -55.4458 1.84521 9.90634 -7.36223
387 2 -1.098 -84.5474 -96.2623 -55.3737 -0.443623 -1.28949 -1.24774
388 1 2.196 -88.4915 -97.3503 -54.0128 1.98937 -0.89234 -0.141176
389 1 2.196 -86.3177 -95.4073 -52.4632 -0.576549 0.808634 -2.86915
390 2 -1.098 -86.9366 -96.236 -54.0939 -2.06334 1.00377 5.70335
391 2 -1.098 -89.9175 -98.525 -53.9242 -2.70429 -0.843453 -1.09928
392 2 -1.098 -87.5539 -93.8458 -52.3679 3.25428 -7.24775 1.06191
393 2 -1.098 -84.8024 -96.5749 -52.7039 3.15801 1.0161 2.29475
394 1 2.196 -88.374 -97.5052 -51.007 -1.14637 5.27472 2.24612
395 1 2.196 -88.0239 -95.4467 -48.257 1.73971 -2.45929 0.515647
396 2 -1.098 -86.7631 -96.4505 -50.8673 -1.00981 3.36215 13.6329
397 2 -1.098 -89.7121 -98.7643 -51.0928 -4.60669 -3.86533 1.67696
398 2 -1.098 -87.4334 -94.2069 -49.5454 -0.688148 3.26781 -2.09752
399 2 -1.098 -86.565 -96.5044 -48.2627 1.95865 -0.370824 -1.97004
400 2 -1.098 -89.0858 -96.4082 -49.4852 0.454997 1.93718 0.553246
401 1 2.196 -89.4088 -92.8283 -69.1365 -1.53621 -1.19699 -0.781816
402 1 2.196 -85.5565 -90.0411 -67.8031 -3.59161 0.047356 1.09147
403 2 -1.098 -87.4722 -92.6011 -68.9943 -1.29192 -4.86277 2.79676
404 2 -1.098 -87.2508 -89.3581 -67.2505 1.02093 -2.94362 -3.85034
405 2 -1.098 -84.8162 -91.8475 -67.7195 -5.10244 -1.58147 10.3864
406 1 2.196 -88.5742 -93.0268 -65.932 -1.67766 -1.92462 2.3106
407 1 2.196 -86.1209 -90.5636 -64.6473 -3.81823 -1.03265 0.0516677
408 2 -1.098 -86.9707 -92.0098 -66.1924 -2.98813 0.906883 -2.63131
409 2 -1.098 -89.6789 -94.5826 -65.892 1.56482 6.0163 -0.0275845
410 2 -1.098 -87.5384 -89.3482 -64.5832 -5.4263 0.690271 -6.62261
411 2 -1.098 -84.6946 -91.8366 -64.5904 -1.72301 2.48255 -7.41049
412 1 2.196 -88.2738 -93.0856 -62.9837 1.30862 -3.55999 2.70714
413 1 2.196 -86.1971 -90.7249 -61.5276 0.54905 3.3819 1.5564
414 2 -1.098 -87.0024 -91.6431 -63.1644 -0.0828536 1.21151 -7.95542
415 2 -1.098 -89.7444 -94.3698 -62.9938 1.74403 2.19402 2.39999
416 2 -1.098 -87.5375 -89.3554 -61.4579 -0.402688 1.32801 1.78119
417 2 -1.098 -84.7689 -92.0219 -61.4806 0.907752 2.39584 -2.05795
418 1 2.196 -88.4052 -92.9973 -60.0159 4.10605 3.40991 0.302108
419 1 2.196 -86.218 -90.7846 -58.5472 2.72899 3.06707 1.20171
420 2 -1.098 -87.1042 -91.5518 -60.0805 5.36381 5.65489 -4.48426
421 2 -1.098 -89.7269 -94.3282 -60.1188 2.68751 1.16109 6.2406
422 2 -1.098 -87.5488 -89.3567 -58.5577 -2.31287 3.74473 2.79655
423 2 -1.098 -84.6917 -92.0696 -58.5149 1.05211 -1.22545 -7.08273
424 1 2.196 -88.4281 -93.0105 -57.0348 1.27228 2.27784 -1.05329
425 1 2.196 -86.2105 -90.7424 -55.5805 0.351497 -1.15886 2.67123
426 2 -1.098 -87.0498 -91.7055 -57.0205 7.10581 2.66968 1.95934
427 2 -1.098 -89.8413 -94.2847 -57.0393 1.11289 0.983899 -5.98658
428 2 -1.098 -87.5169 -89.3203 -55.5952 -3.34648 -1.28509 -2.5765
429 2 -1.098 -84.752 -92.0658 -55.5576 7.84752 4.44957 -2.21466
430 1 2.196 -88.3525 -93.0686 -53.9699 -1.29225 2.67894 5.67424
431 1 2.196 -86.2139 -90.7107 -52.6587 3.99192 1.43605 -3.6773
432 2 -1.098 -87.0717 -91.5817 -54.0657 -0.550376 2.47365 7.37399
433 2 -1.098 -89.7174 -94.3946 -54.0122 -2.19924 -1.19051 -5.92407
434 2 -1.098 -87.4844 -89.2215 -52.6692 1.78301 12.9413 1.51727
435 2 -1.098 -84.9486 -92.1489 -52.4595 -0.684604 -2.2939 -1.14955
436 1 2.196 -88.4009 -92.8957 -50.7975 0.652298 2.32777 -0.524978
437 1 2.196 -86.0634 -90.4747 -49.7009 0.742327 2.22109 1.39164
438 2 -1.098 -87.1356 -91.3543 -50.8974 -1.24221 -0.423245 6.42799
439 2 -1.098 -89.8009 -94.1421 -50.827 -2.96554 -7.83318 2.58028
440 2 -1.098 -87.229 -88.9686 -49.4956 2.48267 1.81257 -1.21952
441 2 -1.098 -85.0726 -92.2067 -49.5411 -1.40568 -7.39014 -2.63904
442 1 2.196 -89.3222 -92.8057 -47.3274 -0.663702 2.35532 1.99467
443 1 2.196 -86.3514 -90.381 -46.4037 -0.607275 -0.718864 -1.76646
444 2 -1.098 -86.6884 -91.2096 -48.0713 -5.55506 -0.38226 -4.12625
445 2 -1.098 -87.5231 -93.7372 -47.1434 5.52542 -2.95346 -5.37944
446 2 -1.098 -87.6324 -89.0095 -46.5373 -0.820478 -1.1529 -6.18152
447 1 2.196 -87.8655 -88.7586 -69.3001 -1.28684 2.20202 0.449635
448 1 2.196 -86.2341 -86.2615 -67.594 -2.66464 0.652456 -3.25649
449 2 -1.098 -86.9859 -87.1899 -69.0303 -1.35128 -6.98918 1.51845
450 2 -1.098 -89.4971 -89.7094 -68.6585 -2.03936 -1.40395 -5.68854
451 2 -1.098 -87.7622 -84.9707 -67.5358 -2.38276 -10.9843 -0.692153
452 2 -1.098 -84.9076 -87.5772 -67.4735 -1.44499 -7.7006 -0.468363
453 1 2.196 -88.4712 -88.5489 -66.0348 0.357232 0.151644 -0.440574
454 1 2.196 -86.5233 -86.3441 -64.4219 -1.43525 1.21971 0.0218249
455 2 -1.098 -87.1917 -87.124 -66.0493 0.838643 -2.28295 2.08969
456 2 -1.098 -89.7656 -89.9235 -65.9855 -5.99499 3.16177 -0.623887
457 2 -1.098 -87.61 -84.8085 -64.4359 0.485378 3.51753 -7.42999
458 2 -1.098 -85.0039 -87.5268 -64.4349 -7.9761 -1.38162 -4.93737
459 1 2.196 -88.4384 -88.482 -62.9601 1.44239 1.56783 0.360093
460 1 2.196 -86.1596 -86.042 -61.5324 -0.688969 0.247685 2.0639
461 2 -1.098 -87.161 -87.0676 -62.8749 3.19823 -4.24538 3.90178
462 2 -1.098 -89.7613 -89.7682 -63.0651 -0.891908 -3.16011 2.62865
463 2 -1.098 -87.5487 -84.7098 -61.5401 5.49602 1.66112 -1.56426
464 2 -1.098 -84.913 -87.4893 -61.4509 2.21099 -8.93086 6.61997
465 1 2.196 -88.4485 -88.4573 -60.0046 -2.7893 -6.25872 -0.668188
466 1 2.196 -86.2018 -86.2046 -58.5849 -1.68572 1.35308 1.66847
467 2 -1.098 -87.1212 -87.0175 -60.0869 -3.8689 1.91818 -0.534189
468 2 -1.098 -89.7016 -89.827 -60.1191 -7.28112 -3.9514 0.480217
469 2 -1.098 -87.5574 -84.7854 -58.486 -2.35277 3.87371 1.17449
470 2 -1.098 -84.8111 -87.5525 -58.5032 4.1468 -4.16553 -0.953253
471 1 2.196 -88.4473 -88.4456 -57.1296 -0.372171 -1.78183 -1.46989
472 1 2.196 -86.2239 -86.1863 -55.5903 5.76582 0.601603 -1.6537
473 2 -1.098 -87.1189 -87.1137 -57.1031 -1.54581 0.597353 -0.136401
474 2 -1.098 -89.7833 -89.7338 -57.1093 -6.14167 6.03955 -1.45872
475 2 -1.098 -87.5824 -84.8057 -55.5406 1.27168 -4.66507 -4.23661
476 2 -1.098 -84.8418 -87.6013 -55.5031 0.185029 7.25279 6.49839
477 1 2.196 -88.3465 -88.3553 -54.0797 3.52694 0.171345 -1.56422
478 1 2.196 -85.9132 -85.9792 -52.6527 -3.09417 -0.0984201 1.95275
479 2 -1.098 -86.9661 -87.0135 -54.0634 -1.72159 1.2867 8.63958
480 2 -1.098 -89.6758 -89.7518 -54.0279 7.39328 0.654181 -0.627706
481 2 -1.098 -87.4093 -84.7445 -52.4105 1.56677 -0.717846 6.76531
482 2 -1.098 -84.8042 -87.5856 -52.6111 7.39034 -0.675261 -0.706799
483 1 2.196 -88.2727 -88.4077 -51.0973 5.74793 3.10766 -0.173194
484 1 2.196 -85.6083 -85.2428 -48.0015 2.2627 1.40657 -1.59786
485 2 -1.098 -87.0085 -86.9934 -51.2414 0.910084 -5.7227 -4.23962
486 2 -1.098 -89.4945 -89.8099 -51.0306 -4.77619 -0.00733009 -4.6778
487 2 -1.098 -89.7852 -85.3275 -48.3402 0.250109 2.72436 -3.29775
488 2 -1.098 -84.4948 -88.8891 -49.3226 2.01863 -2.96161 -2.05841
489 1 2.196 -88.1442 -87.8332 -48.0983 -0.35461 -0.817218 2.27184
490 2 -1.098 -87.1419 -86.2324 -48.5827 1.94896 -5.03405 6.57351
491 2 -1.098 -89.5425 -89.3818 -48.2145 2.73109 6.9715 -1.52006
492 2 -1.098 -89.3845 -87.9075 -70.1213 2.5223 -4.17925 0.703459
493 1 2.196 -88.1187 -83.6497 -65.9881 0.620657 -1.61243 -0.468993
494 1 2.196 -85.8293 -81.6163 -64.3419 -2.89678 -0.361058 -2.43724
495 2 -1.098 -86.5036 -82.7795 -65.6221 -2.63526 -0.593966 -3.65689
496 2 -1.098 -89.6495 -85.0606 -65.9509 -1.49146 1.57241 -7.17253
497 2 -1.098 -87.0235 -80.1333 -64.399 -9.59931 1.72658 0.270831
498 2 -1.098 -84.2495 -83.0312 -64.3855 3.54367 1.27703 1.48386
499 1 2.196 -88.4396 -83.8398 -63.0099 -0.0181917 1.44415 0.460905
500 1 2.196 -85.9584 -81.7015 -61.3999 1.89054 2.42983 -0.80957
501 2 -1.098 -86.9257 -82.5255 -62.8387 1.33781 -4.20919 4.64972
502 2 -1.098 -89.7985 -85.2718 -62.9191 5.86774 5.13009 4.25439
503 2 -1.098 -87.288 -80.2662 -61.3306 -1.63811 -6.31491 9.27594
504 2 -1.098 -84.6184 -83.0596 -61.5569 6.80195 -1.21352 -4.92496
505 1 2.196 -88.4308 -84.0014 -59.9992 -1.62138 -0.530506 -0.520915
506 1 2.196 -86.3338 -81.8067 -58.5119 2.03868 3.88791 1.00991
507 2 -1.098 -87.0081 -82.6546 -60.0708 4.68837 0.854514 -1.14815
508 2 -1.098 -89.7262 -85.4066 -60.0528 2.53302 2.63401 -0.90754
509 2 -1.098 -87.5318 -80.2815 -58.5886 2.07828 1.49547 -0.174887
510 2 -1.098 -84.9333 -83.174 -58.4747 -0.812924 -5.08092 -3.58432
511 1 2.196 -88.5069 -83.9369 -56.9576 1.4066 -1.34107 1.16881
512 1 2.196 -85.8966 -81.6514 -55.6634 3.83426 0.955436 -2.43591
513 2 -1.098 -87.1022 -82.6483 -57.0515 1.53005 7.2157 3.26306
514 2 -1.098 -89.9024 -85.1935 -57.0524 2.47053 -1.06943 -0.742717
515 2 -1.098 -87.2286 -80.206 -55.6797 2.07532 0.408899 8.87436
516 2 -1.098 -84.6751 -82.9917 -55.6311 2.26224 2.20567 2.68381
517 1 2.196 -88.2626 -83.8442 -53.8817 -0.759239 1.75603 0.560182
518 1 2.196 -85.7515 -81.4466 -52.5735 1.19012 -1.53562 -0.404722
519 2 -1.098 -86.9304 -82.4271 -54.1474 0.733775 -3.03936 -4.33554
520 2 -1.098 -89.7164 -85.209 -54.1013 2.4178 0.664493 -6.49413
521 2 -1.098 -87.0866 -80.1101 -52.7227 3.80749 -1.23092 -4.92724
522 2 -1.098 -84.5903 -82.9981 -52.5803 -3.58525 -0.302539 2.78559
523 1 2.196 -87.6399 -85.3348 -50.5102 -0.626605 -1.26876 1.08586
524 2 -1.098 -88.0918 -83.8132 -49.6745 5.05485 -1.40197 -3.25029
525 2 -1.098 -89.5925 -85.3687 -51.01 1.33463 -2.17356 2.59696
526 2 -1.098 -84.4676 -84.1271 -48.8086 2.31869 -0.434501 -5.29142
527 1 2.196 -88.6766 -83.837 -47.5308 -1.09981 -1.78665 -0.959126
528 2 -1.098 -89.4924 -84.6979 -46.0467 3.0244 -2.59542 -7.58388
529 1 2.196 -88.0393 -79.6511 -62.9371 -2.71336 2.91067 0.409602
530 2 -1.098 -89.5488 -80.75 -62.9279 -2.60351 3.43033 4.70616
531 1 2.196 -88.5621 -79.3046 -60.074 0.473301 -2.59392 -0.189743
532 2 -1.098 -89.8623 -80.7763 -60.1343 0.3628 5.25682 -0.614967
533 1 2.196 -88.3896 -79.3203 -57.0018 -2.39841 -1.61109 -5.47131
534 2 -1.098 -89.8083 -80.6852 -57.002 -0.50797 9.27098 5.86459
535 1 2.196 -88.1563 -79.6037 -54.0852 0.412266 3.12293 0.481851
536 2 -1.098 -89.7704 -80.6835 -54.1159 -2.98272 0.172876 -4.14
537 2 -1.098 -89.6751 -80.8845 -50.9181 8.53175 -4.90087 -0.121931
538 2 -1.098 -83.7176 -98.6867 -61.572 -12.14 3.83135 7.22558
539 2 -1.098 -82.796 -98.0814 -58.5674 -4.33628 12.1319 3.51935
540 2 -1.098 -83.0561 -98.1598 -55.4828 -7.43815 -9.92603 2.25175
541 1 2.196 -80.9454 -92.5056 -63.6722 -0.433646 -0.899295 2.14782
542 2 -1.098 -82.6769 -93.2708 -64.555 3.39334 5.94167 -2.93937
543 1 2.196 -83.9801 -97.542 -63.1175 1.81883 4.60729 -3.63159
544 1 2.196 -81.6586 -95.2712 -61.7165 -2.30826 4.00617 0.82142
545 2 -1.098 -82.2372 -96.7504 -62.6857 0.670927 1.83191 -0.925973
546 2 -1.098 -85.3614 -98.8196 -63.2382 0.868363 -2.71849 -7.13149
547 2 -1.098 -82.7968 -93.7529 -61.5765 3.9906 5.1477 1.26162
548 1 2.196 -83.8517 -97.3786 -60.0182 1.94838 0.697727 2.36442
549 1 2.196 -81.5531 -95.3326 -58.5383 2.89145 -1.07159 -0.385915
550 2 -1.098 -82.4401 -96.1052 -60.1332 -8.58826 -4.49117 -1.41392
551 2 -1.098 -85.2924 -98.5172 -59.7199 -3.48117 0.25511 4.90351
552 2 -1.098 -82.7687 -93.7861 -58.5148 1.65713 2.40225 -3.29197
553 2 -1.098 -80.3262 -94.7294 -57.2632 -1.48568 -9.28892 -9.35649
554 1 2.196 -83.8114 -97.532 -57.1213 -1.23986 -2.80785 -0.910582
555 1 2.196 -82.4267 -95.9405 -55.1834 1.04832 0.261554 -1.30093
556 2 -1.098 -82.5111 -96.0568 -56.994 1.27866 -5.05926 2.7055
557 2 -1.098 -85.1581 -98.7012 -57.1227 1.38243 8.14654 -0.321478
558 2 -1.098 -83.1857 -94.0402 -55.4281 3.43744 3.29795 -0.535918
559 1 2.196 -84.4269 -97.7954 -54.1784 -0.177964 -1.26034 6.19232
560 1 2.196 -82.9685 -95.8614 -51.8655 -0.520225 4.46418 1.09057
561 2 -1.098 -82.6955 -96.6869 -53.5561 4.75928 2.33577 -8.5607
562 2 -1.098 -85.5959 -99.2325 -54.4094 5.58377 1.13782 4.13514
563 2 -1.098 -83.2935 -94.1128 -52.5107 -3.51125 2.90655 -0.253062
564 1 2.196 -85.3579 -95.912 -49.6417 -3.25788 -3.0399 -0.942044
565 2 -1.098 -83.7008 -96.4095 -50.2311 -5.32271 -4.37612 3.25732
566 2 -1.098 -84.9786 -94.4748 -48.4348 1.00612 0.304006 -3.20927
567 2 -1.098 -82.2584 -88.6121 -66.7049 -2.05694 2.64751 -1.08663
568 1 2.196 -83.699 -92.4976 -66.0476 -0.120268 -3.57635 -0.999095
569 1 2.196 -81.4629 -89.7058 -65.3211 0.661975 0.177128 3.61326
570 2 -1.098 -82.4508 -91.1023 -66.2274 -1.32186 2.06307 -2.13279
571 2 -1.098 -85.0673 -93.8781 -66.2705 -7.22184 -0.991939 -7.10216
572 2 -1.098 -83.0472 -89.0696 -64.4046 3.19338 1.47815 -1.54365
573 2 -1.098 -80.4241 -91.0189 -64.6335 -4.02812 0.220904 -0.250544
574 1 2.196 -83.8813 -92.8824 -63.0259 2.10938 1.78326 -1.02429
575 1 2.196 -81.661 -90.4436 -61.5182 1.05156 -2.58788 1.91731
576 2 -1.098 -82.4592 -91.5553 -62.848 2.70314 -4.54745 4.60364
577 2 -1.098 -85.2435 -94.2024 -63.0091 -1.79875 -0.0216526 2.60698
578 2 -1.098 -83.1304 -89.306 -61.487 -0.872008 -4.15912 3.92458
579 2 -1.098 -80.2137 -91.8565 -61.7478 1.69953 4.93357 0.320596
580 1 2.196 -83.7621 -92.9908 -59.9388 0.469582 0.48987 -2.38714
581 1 2.196 -81.5531 -90.6645 -58.2853 -0.852205 3.80175 -1.35281
582 2 -1.098 -82.1523 -91.8657 -60.0708 0.814851 0.275439 3.75311
583 2 -1.098 -85.1893 -94.3502 -60.0671 2.59299 3.72653 -5.9468
584 2 -1.098 -82.9613 -89.3085 -58.5614 -3.88105 2.0471 1.97299
585 2 -1.098 -80.0869 -91.9036 -58.5861 -2.17021 2.6845 -0.898493
586 1 2.196 -83.8572 -92.9827 -56.9533 2.122 -2.01064 0.701985
587 1 2.196 -81.5572 -90.8567 -55.2983 -1.81457 1.03631 -2.31925
588 2 -1.098 -82.4243 -91.6633 -56.9981 -0.0470511 1.20556 -3.68101
589 2 -1.098 -85.3149 -94.2229 -57.0355 -4.43477 0.82806 -1.32003
590 2 -1.098 -83.0926 -89.5379 -55.5987 -1.46995 -3.80189 4.85696
591 2 -1.098 -80.4564 -92.3235 -55.2318 -0.46751 3.87745 -2.88223
592 1 2.196 -83.9407 -93.0718 -53.9354 3.00552 -2.17673 1.02044
593 1 2.196 -81.4712 -91.0907 -52.2569 -3.79608 0.264537 -1.82848
594 2 -1.098 -82.7001 -91.6316 -53.9056 -3.09906 -5.88054 10.8951
595 2 -1.098 -85.4396 -94.2574 -53.9806 -3.10318 -3.33627 -1.13826
596 2 -1.098 -82.8177 -89.2964 -51.7703 -6.13866 -3.95887 -1.38519
597 2 -1.098 -80.4605 -92.6532 -52.4632 5.03434 2.3917 3.31769
598 1 2.196 -84.2221 -92.9743 -51.0082 2.23386 -0.27772 3.23148
599 1 2.196 -81.3603 -88.4062 -50.6187 3.98519 -1.35078 3.49129
600 2 -1.098 -82.5522 -92.0268 -51.0007 -1.13973 0.110065 -4.14299
601 2 -1.098 -85.1796 -94.5578 -51.1237 -3.48735 6.03645 1.03725
602 2 -1.098 -82.1377 -88.4715 -48.8979 4.64045 -0.795523 0.844661
603 1 2.196 -85.8448 -93.0376 -47.7977 2.24051 -2.68822 1.15256
604 2 -1.098 -85.5595 -91.9986 -46.2279 -1.91072 -1.97179 3.43586
605 2 -1.098 -86.2516 -89.7255 -69.5113 -1.31352 -2.77137 -3.66242
606 1 2.196 -83.913 -88.1486 -65.963 0.184032 4.24277 3.35023
607 1 2.196 -81.6212 -86.3662 -64.359 3.42272 0.525513 1.38575
608 2 -1.098 -83.0875 -86.3411 -65.4941 -0.692652 8.86109 1.579
609 2 -1.098 -85.0709 -89.768 -66.0226 5.29326 -2.28621 -0.764307
610 2 -1.098 -82.44 -84.5071 -64.0609 -4.0998 -14.0497 -1.44808
611 2 -1.098 -80.5383 -87.9151 -64.6482 2.24694 0.307836 7.35716
612 1 2.196 -84.0723 -88.357 -62.9355 4.49921 3.55858 -0.225893
613 1 2.196 -81.6154 -86.0452 -61.2149 1.14785 -4.90153 -1.89495
614 2 -1.098 -82.6691 -86.8663 -62.8574 1.70137 -3.96803 3.00382
615 2 -1.098 -85.3701 -89.7544 -62.9423 -3.43605 6.21545 -4.64003
616 2 -1.098 -82.837 -84.5088 -61.4251 3.16594 0.366193 -2.10035
617 2 -1.098 -80.4148 -87.4441 -60.9032 -5.00301 5.05853 -0.74927
618 1 2.196 -83.9707 -88.3656 -59.9824 -1.09586 2.01069 0.873234
619 1 2.196 -81.7647 -86.3566 -58.3538 3.38392 -5.13906 5.1105
620 2 -1.098 -82.6807 -86.9842 -59.8954 -3.93424 -4.77885 1.49062
621 2 -1.098 -85.3553 -89.7428 -59.9411 2.31465 1.42586 -8.3833
622 2 -1.098 -83.1434 -84.9418 -58.4331 0.979636 0.659282 0.664316
623 2 -1.098 -80.265 -87.5646 -58.3353 -3.35827 -3.5609 -0.173522
624 1 2.196 -83.919 -88.5157 -57.0305 -0.960247 3.98516 -5.66459
625 1 2.196 -81.6278 -86.1028 -55.3669 3.07934 2.30829 -2.40714
626 2 -1.098 -82.5304 -87.2226 -56.9081 -0.325044 -6.79828 2.09268
627 2 -1.098 -85.3082 -89.9031 -57.0504 -2.71808 4.27684 -1.25186
628 2 -1.098 -83.1295 -84.9569 -55.484 2.64046 -2.09998 -3.37316
629 2 -1.098 -80.1123 -87.194 -55.4662 2.85958 7.3908 3.60548
630 1 2.196 -83.8663 -88.5452 -54.1486 2.80972 -2.47948 0.403007
631 1 2.196 -81.9732 -85.6944 -51.9625 0.0756413 0.629612 1.64225
632 2 -1.098 -82.2089 -87.6485 -54.204 4.56199 -7.34718 0.774674
633 2 -1.098 -85.3074 -89.7647 -54.0354 -0.562211 3.23856 -3.32362
634 2 -1.098 -83.6052 -85.3724 -52.8533 -0.247716 1.64684 5.27729
635 2 -1.098 -80.6294 -87.3517 -52.0816 6.47571 3.12192 -5.55905
636 1 2.196 -84.2655 -88.3297 -51.0466 -3.6036 -2.64016 0.908987
637 2 -1.098 -82.6691 -87.0461 -50.8395 0.00486682 -2.70012 2.96564
638 2 -1.098 -85.3084 -89.9085 -51.2683 -0.757383 -2.16922 0.748097
639 2 -1.098 -84.7128 -86.7611 -47.5814 -1.5956 -1.49982 -2.56753
640 1 2.196 -83.6608 -88.3064 -47.7615 -0.427444 -3.17463 0.26762
641 2 -1.098 -84.9099 -89.3308 -46.7353 3.3673 4.75693 1.11995
642 1 2.196 -84.1597 -84.8443 -64.8567 0.860292 -0.291925 2.89992
643 2 -1.098 -85.4944 -85.3839 -65.9936 -2.41186 -1.86536 -4.62966
644 1 2.196 -83.2016 -83.2043 -62.8022 -1.67887 1.01527 2.68251
645 2 -1.098 -81.835 -81.9553 -62.2361 4.47352 -1.91178 -3.85042
646 2 -1.098 -85.2411 -85.3981 -63.3247 1.32811 -2.01664 1.87271
647 1 2.196 -83.9258 -83.9374 -60.0032 0.711582 -1.42162 -1.57513
648 1 2.196 -81.3576 -81.2762 -60.5458 -1.14061 0.63365 -0.476146
649 2 -1.098 -82.8208 -82.3536 -59.6279 1.48576 -0.907221 1.21109
650 2 -1.098 -85.2321 -85.3652 -60.1322 1.46914 0.0908264 5.54634
651 2 -1.098 -82.2357 -79.9087 -59.659 4.59261 0.741641 -7.14214
652 2 -1.098 -80.2537 -82.2916 -59.4975 -13.3038 -11.8733 1.43754
653 1 2.196 -84.0099 -84.0884 -56.992 -0.536454 -0.194571 1.24271
654 1 2.196 -81.7606 -81.7384 -55.8525 -0.22818 0.544134 -0.923469
655 2 -1.098 -82.5168 -82.9457 -57.1625 -1.00043 -1.06888 2.41442
656 2 -1.098 -85.4035 -85.2945 -57.1245 3.1731 4.53229 5.25552
657 2 -1.098 -82.5232 -80.4941 -56.9394 -7.44229 4.1049 -9.32276
658 2 -1.098 -80.2292 -82.3209 -56.6138 4.28651 1.53553 1.67054
659 1 2.196 -83.8661 -83.8708 -54.0867 -6.26836 -3.51738 -3.06695
660 2 -1.098 -82.3424 -82.7025 -54.3819 -0.606901 -2.55854 4.56336
661 2 -1.098 -85.4425 -85.0466 -54.3133 -4.96201 -4.91818 -6.8242
662 1 2.196 -84.3472 -83.5391 -50.5747 0.867156 -0.294982 0.862705
663 2 -1.098 -85.5298 -85.2244 -50.6702 -0.815051 -3.52663 2.44624
664 2 -1.098 -86.9006 -84.0222 -47.2692 7.97314 5.86403 -0.158631
665 2 -1.098 -85.0068 -80.9199 -62.8665 -0.757922 0.642868 -3.59879
666 2 -1.098 -85.0658 -80.9709 -59.8256 6.05313 7.20932 -4.92885
667 1 2.196 -83.5602 -80.8073 -58.5206 0.884671 -0.903168 -2.17811
668 2 -1.098 -85.0884 -81.0198 -57.2962 3.44367 4.49395 4.33608
669 2 -1.098 -85.0059 -80.7988 -54.1922 3.33002 -2.54622 5.05036
670 2 -1.098 -85.5128 -82.0824 -50.7098 0.360259 -0.0124731 -0.557002
671 2 -1.098 -80.6053 -94.1057 -62.8657 2.91819 0.842051 3.33284
672 2 -1.098 -78.4408 -88.5688 -61.5426 -4.26125 -0.235275 0.49978
673 1 2.196 -80.2361 -92.7392 -60.1641 -0.912723 -1.69589 1.15215
674 2 -1.098 -80.5884 -94.5116 -60.1175 -0.716864 0.53136 3.29793
675 2 -1.098 -78.3882 -88.9111 -58.279 3.19135 4.83853 1.24537
676 1 2.196 -79.7033 -93.9382 -55.7103 -2.4027 -1.4334 1.61149
677 2 -1.098 -78.643 -94.2618 -54.2763 -2.22613 0.684827 -3.42701
678 2 -1.098 -80.847 -95.1174 -54.637 4.88176 -1.06536 -0.162149
679 2 -1.098 -78.8517 -88.9859 -54.8786 -3.85285 -0.0814981 0.090381
680 1 2.196 -80.0358 -94.3741 -52.9443 -0.48002 0.624994 3.02325
681 2 -1.098 -81.1339 -95.41 -51.8368 -3.85424 -4.03174 -3.24257
682 1 2.196 -79.6418 -87.8767 -62.7862 -0.875578 0.313769 -4.35137
683 2 -1.098 -80.7527 -89.2643 -62.6135 3.70889 -2.02904 -3.25887
684 1 2.196 -79.3641 -88.5729 -59.7993 0.0740463 -2.99898 1.50603
685 2 -1.098 -80.7238 -89.896 -59.9263 0.0374998 4.85892 -0.927531
686 1 2.196 -79.2599 -88.5064 -56.6837 0.724338 -3.58352 -0.0223817
687 2 -1.098 -80.7093 -89.8226 -56.7455 7.89025 4.83073 -4.19347
688 1 2.196 -80.1981 -88.2028 -53.7686 -0.665696 5.82322 -1.26631
689 2 -1.098 -80.988 -89.9416 -53.7842 6.4354 -1.99432 1.40997
690 2 -1.098 -80.4676 -89.83 -51.2193 -2.64927 -2.49506 -1.8379
691 2 -1.098 -80.3596 -86.1177 -62.9529 2.00782 3.67889 -5.34231
692 2 -1.098 -80.9163 -85.0935 -59.6542 0.359577 3.40719 0.427978
693 1 2.196 -80.7563 -83.4415 -58.0182 0.521099 2.45607 -3.81658
694 2 -1.098 -81.028 -85.1645 -57.0499 -1.02757 -1.94234 2.89101
695 2 -1.098 -81.1183 -85.4252 -53.6102 3.35681 0.619129 3.81418
696 2 -1.098 -82.5689 -84.2855 -50.7828 4.15215 1.61681 0.0899372
