1 1 2.196 -4.9143 -0.578447 -0.699388 -0.226619 1.95707 -0.735049
2 2 -1.098 -4.46963 -2.22577 -1.39704 -5.02002 -7.19341 -3.97698
3 2 -1.098 -4.83688 -1.51184 0.994786 -1.98997 -4.86475 4.78384
4 2 -1.098 -2.74829 2.08969 -1.24104 -2.61323 -1.64813 -5.91649
5 2 -1.098 -2.97924 2.69491 3.17362 -2.65876 0.850146 5.96059
6 1 2.196 -0.16942 -4.88839 -1.11707 4.18955 5.70972 2.50567
7 2 -1.098 -2.00227 -4.88904 -1.26582 -0.803044 -2.66599 -1.65035
8 2 -1.098 -3.9147 -4.13166 0.549996 -0.180827 4.86834 0.570224
9 1 2.196 -1.13409 -1.33178 -3.58244 -0.73737 -0.886042 0.962482
10 2 -1.098 -2.6509 -0.196797 -3.44755 -1.44246 -0.706185 3.27541
11 2 -1.098 0.319181 -2.53882 -3.53264 1.87526 6.72081 -4.12883
12 1 2.196 -3.23449 -3.58904 -1.12207 -2.72893 -1.06454 3.17421
13 1 2.196 -1.19624 -1.37135 -0.574099 0.250385 -1.6565 4.08234
14 2 -1.098 -1.99262 -2.39176 -1.94787 -0.480276 3.23124 2.07411
15 2 -1.098 -2.79457 -0.154649 -0.449217 -5.28905 6.33342 -5.41114
16 2 -1.098 0.00367788 -3.02576 -0.365332 3.846 -2.88589 -2.69792
17 1 2.196 -3.84404 -2.78298 1.81035 -0.651916 -0.572794 -5.4655
18 1 2.196 -1.41786 -1.10643 2.38795 -1.73503 -2.73352 0.463988
19 2 -1.098 -2.25786 -2.19327 0.887969 0.747196 6.20304 -0.554915
20 2 -1.098 -2.63383 0.367085 2.30163 0.167614 -0.0026844 -6.82384
21 2 -1.098 -0.0275164 -2.45034 2.50588 -0.657944 3.47334 -2.18837
22 1 2.196 -1.09471 -0.882938 5.85815 -1.82214 -5.7172 2.79493
23 2 -1.098 -2.89437 -2.18885 3.2582 8.53607 -0.760575 -1.26967
24 2 -1.098 -2.55813 0.231509 5.7606 2.69129 12.8418 -1.37078
25 2 -1.098 -0.0871743 -2.37636 5.38333 -1.99054 2.53483 8.63328
26 1 2.196 -1.09804 3.15328 -4.2921 1.05335 0.905025 1.03645
27 2 -1.098 -0.180066 2.56396 -5.80524 1.47705 -1.90534 -1.15895
28 1 2.196 -3.50191 1.31765 -2.81619 -0.583277 1.69178 3.3581
29 1 2.196 -1.27421 3.22568 -0.803019 1.69134 -0.342916 -3.4858
30 2 -1.098 -2.76219 2.5578 -4.00677 -6.12995 3.21519 6.18327
31 2 -1.098 -4.96628 0.487615 -2.20962 2.62361 -1.34374 -2.42646
32 2 -1.098 -1.04086 3.8107 -2.5741 1.23413 -0.912396 -0.937276
33 2 -1.098 0.0247861 1.75366 -0.512439 0.00552665 2.64705 0.274501
34 1 2.196 -3.18203 1.34954 0.70506 0.837489 1.04677 4.55591
35 1 2.196 -1.19313 3.15422 2.70687 2.93791 -0.121106 0.713562
36 2 -1.098 -1.89132 2.78428 0.956607 -2.83143 -0.973151 -4.2696
37 2 -1.098 -4.89731 0.992276 0.351261 -5.2134 1.35711 -2.26763
38 2 -1.098 0.107546 1.70798 2.40869 -0.795325 -0.489224 -5.97681
39 1 2.196 -2.62338 1.20375 4.18787 -2.00438 -0.78916 -0.165804
40 2 -1.098 -1.02676 2.27172 4.39196 5.16512 3.23686 5.23813
41 2 -1.098 0.468521 0.121377 5.91586 -1.69616 -4.71948 0.607389
42 2 -1.098 2.53681 -2.76951 -1.45423 9.50851 -4.40529 7.80223
43 2 -1.098 1.48281 -4.12394 2.9475 -3.56952 -2.58613 -1.06373
44 1 2.196 3.25446 -0.608698 -4.27229 2.17954 -2.59197 1.86799
45 2 -1.098 2.48033 0.470921 -5.62378 2.40539 -3.60927 7.10929
46 1 2.196 1.86014 -3.35765 -3.07756 1.54852 -0.214846 -1.06436
47 1 2.196 3.30657 -1.18083 -0.795082 3.75284 3.77713 -3.02871
48 2 -1.098 2.98742 -2.42232 -4.19512 5.99229 0.25348 -0.64676
49 2 -1.098 1.05038 -4.85854 -2.51828 -0.950788 6.16916 7.59549
50 2 -1.098 1.82558 0.0741582 -0.715684 -0.0212086 1.55301 4.85298
51 2 -1.098 4.01674 -0.573439 -2.52948 -6.21128 -6.29776 -4.01193
52 1 2.196 1.23365 -3.55213 1.20694 -0.502607 0.493446 -0.403694
53 1 2.196 3.25182 -1.01362 2.90208 0.787822 -1.72849 -1.2472
54 2 -1.098 2.46641 -1.97783 1.22522 2.15027 -2.47685 1.97494
55 2 -1.098 0.759649 -5.20161 0.4129 -0.65343 2.88628 1.8362
56 2 -1.098 2.80008 0.589824 1.77497 -0.632708 1.53898 -2.75677
57 1 2.196 1.18972 -2.69842 4.11639 1.77745 -0.138555 0.914686
58 2 -1.098 3.04003 -2.37683 4.10528 -2.89626 -2.50296 -2.4838
59 2 -1.098 1.46236 -0.547153 3.60029 -0.525403 2.16329 4.11148
60 1 2.196 0.703598 0.837984 -5.21872 -0.721344 -1.01879 -1.26689
61 2 -1.098 -0.444066 -0.522733 -5.13286 0.456363 1.48118 0.637322
62 1 2.196 0.959556 0.998463 -2.10942 -2.36536 2.19729 -2.34274
63 1 2.196 3.11517 3.26781 -0.620615 -0.953804 2.03735 1.217
64 2 -1.098 2.25129 2.30761 -1.88947 8.41258 -2.19966 -2.61905
65 2 -1.098 -0.454728 -0.336633 -2.03996 3.51596 2.21609 9.439
66 2 -1.098 2.61497 4.92526 -0.192135 -5.3243 -1.36488 -3.93292
67 2 -1.098 4.51813 2.11598 -0.20162 1.92632 -3.11927 2.25079
68 1 2.196 1.03592 0.926369 0.905965 -3.92144 -0.930722 -5.43191
69 1 2.196 2.98748 3.08933 2.87536 1.14238 -3.63229 2.62645
70 2 -1.098 2.11828 2.83496 0.991399 -3.34548 -0.644901 1.95852
71 2 -1.098 -0.321637 -0.471813 0.916047 -5.69905 -3.82569 5.68236
72 2 -1.098 2.71163 4.84573 2.4319 3.13137 -3.28348 0.769365
73 2 -1.098 4.67719 2.48806 2.43908 3.8404 1.10707 -0.404712
74 1 2.196 0.677968 1.09321 4.3229 -2.77179 1.49406 -3.80886
75 2 -1.098 2.07491 2.20004 4.13418 -1.62865 -1.61617 -2.80993
76 2 -1.098 -1.05925 -0.0967862 3.97243 -0.289636 -5.90771 -2.0336
77 2 -1.098 0.0148301 1.73683 -3.62528 -5.42941 -1.99971 0.472536
78 1 2.196 1.32494 4.82675 1.12291 1.94324 1.45461 -2.65023
79 2 -1.098 -0.0710069 4.47734 -0.0499648 -6.7336 3.60352 2.83193
80 2 -1.098 0.177044 4.32917 2.47624 0.719938 -5.49499 0.863985
81 2 -1.098 1.62342 -0.0540559 -3.54704 5.69233 1.47976 -7.21089
82 1 2.196 4.83222 0.952201 1.28553 -1.61258 0.703708 -3.51763
83 2 -1.098 4.65234 -0.549898 0.237358 2.56867 1.10275 -2.99461
84 2 -1.098 4.92123 -0.237877 2.74226 2.76047 1.34682 1.19131
