1 1 2.196 -100.049 -94.1502 -60.8411 -2.36328 3.20376 1.16528
2 2 -1.098 -99.6829 -96.0262 -60.8331 7.25529 0.254229 4.37449
3 1 2.196 -100.49 -93.8337 -57.2623 1.79937 -1.07248 1.14888
4 2 -1.098 -100.83 -94.0878 -59.0518 -1.98451 -5.76847 -2.8686
5 2 -1.098 -98.2826 -96.7823 -58.1585 2.99131 7.53298 -1.14978
6 1 2.196 -99.2257 -95.4036 -55.1349 -1.91432 -0.948909 -0.237955
7 2 -1.098 -100.931 -94.99 -55.882 0.224514 0.514992 1.13368
8 2 -1.098 -98.2103 -97.0073 -55.2522 8.91196 2.47796 -8.40851
9 1 2.196 -97.8398 -95.0604 -51.8995 3.30006 -0.930408 -4.67737
10 2 -1.098 -98.2815 -96.6971 -52.7493 3.24998 3.82744 -4.72054
11 1 2.196 -99.088 -90.8312 -64.6101 4.16828 -3.10909 0.129285
12 2 -1.098 -98.0939 -92.3594 -64.6409 0.838677 -1.42147 -4.42146
13 1 2.196 -99.4677 -90.4873 -61.542 -0.337704 3.33309 -1.9366
14 2 -1.098 -100.255 -91.2912 -63.1871 2.97281 -5.43554 1.35847
15 2 -1.098 -101.167 -89.7947 -58.7415 2.44539 9.21095 -0.792642
16 2 -1.098 -98.0205 -91.792 -61.464 0.503573 4.49907 -4.95104
17 1 2.196 -99.7069 -90.8715 -58.5229 -2.00358 2.51838 -0.242346
18 2 -1.098 -100.145 -91.7723 -60.2012 3.06561 -2.90895 -2.61288
19 2 -1.098 -103.216 -88.4768 -58.3925 -1.44615 5.83275 -0.636205
20 2 -1.098 -98.2975 -92.0821 -58.4569 0.232095 -1.02094 4.92987
21 1 2.196 -99.8219 -90.7457 -55.4416 -0.45452 -0.316629 1.13624
22 2 -1.098 -100.335 -91.9839 -57.0152 1.20889 -3.82954 -6.65279
23 2 -1.098 -101.258 -89.6526 -55.8676 2.4723 -1.5784 9.1847
24 2 -1.098 -98.3547 -92.008 -55.4052 1.88362 -0.729755 -2.07925
25 1 2.196 -99.7493 -90.7511 -52.3993 1.8697 -5.34077 2.10931
26 2 -1.098 -100.51 -91.4874 -53.9073 0.227519 -0.0673228 -0.702339
27 2 -1.098 -100.141 -91.758 -50.802 -4.45155 -7.99195 -5.8777
28 2 -1.098 -98.336 -92.0244 -52.4362 3.74123 0.619361 -5.13308
29 2 -1.098 -97.1926 -91.8597 -48.8244 -0.579742 -7.22219 -4.00165
30 1 2.196 -99.4078 -85.9128 -64.7891 -2.95776 3.87339 -3.47601
31 2 -1.098 -98.2343 -87.4233 -64.5074 2.61426 0.0976654 -1.48785
32 1 2.196 -100.248 -87.0014 -61.5939 2.9932 1.99816 0.0219367
33 2 -1.098 -100.379 -86.4369 -63.3587 -2.02757 -9.10347 -9.47129
34 2 -1.098 -98.3794 -87.7104 -61.5951 4.49938 3.4347 0.366001
35 1 2.196 -101.958 -88.4905 -59.8145 0.732397 -1.04201 3.43055
36 1 2.196 -99.6986 -85.984 -58.375 -1.48376 0.541672 1.18862
37 2 -1.098 -100.61 -88.9449 -61.2462 1.79971 6.74668 -1.34994
38 2 -1.098 -101.977 -87.0002 -60.9645 -2.34953 -1.30855 -1.24644
39 2 -1.098 -98.3438 -87.3991 -58.4039 0.527989 -2.15545 -3.99843
40 1 2.196 -101.868 -88.4791 -57.0736 -0.523545 1.70151 3.48908
41 1 2.196 -99.9787 -86.3533 -55.025 -0.0890009 3.51978 2.97767
42 2 -1.098 -100.941 -87.4736 -58.5904 1.1862 8.8934 5.77632
43 2 -1.098 -101.312 -86.987 -56.1939 0.603355 2.02366 6.16737
44 2 -1.098 -98.484 -87.5101 -55.4033 -4.64256 1.32486 4.1287
45 1 2.196 -99.4915 -86.1131 -51.9676 1.68064 0.450202 -2.83759
46 2 -1.098 -100.703 -86.8142 -53.2416 -5.39057 4.15775 4.64339
47 2 -1.098 -98.2569 -87.3939 -52.5053 -4.96707 -5.0987 -1.154
48 2 -1.098 -98.7979 -86.8926 -50.2281 -0.625433 -5.9946 -1.10621
49 2 -1.098 -98.6779 -85.8331 -66.4665 5.74263 -11.3861 2.60105
50 2 -1.098 -98.3338 -82.8042 -61.2564 1.56829 0.669621 -5.22056
51 2 -1.098 -98.9327 -84.2907 -58.5199 2.3231 -5.73053 -2.3456
52 2 -1.098 -98.3674 -82.7819 -55.2978 -4.04342 -4.68072 -2.42779
53 2 -1.098 -98.4062 -82.6208 -52.7404 -5.89246 1.81303 2.35516
54 1 2.196 -95.9102 -99.5273 -59.8184 0.0427086 1.18183 -4.05612
55 2 -1.098 -96.9484 -97.7252 -60.7961 -1.28202 -4.13049 -4.94279
56 1 2.196 -93.3635 -100.192 -58.348 -1.90215 -3.48339 -3.08059
57 2 -1.098 -96.7729 -98.8443 -58.2947 6.34264 1.91596 5.56048
58 2 -1.098 -95.0007 -101.014 -58.7668 -0.925743 -1.89849 0.225647
59 1 2.196 -94.9274 -99.7399 -55.1926 -0.384903 -1.18242 5.04272
60 2 -1.098 -96.341 -98.4712 -55.4819 5.24111 0.995178 -1.86837
61 2 -1.098 -95.2124 -100.946 -53.8451 6.81064 -6.5256 -4.40178
62 1 2.196 -94.7148 -99.8759 -52.1648 -2.50499 -1.33456 1.3018
63 2 -1.098 -96.3554 -99.0522 -52.8696 6.27904 -1.3671 -3.33223
64 1 2.196 -93.8747 -94.7661 -67.6571 0.674145 -2.23502 4.76296
65 2 -1.098 -95.6982 -94.4704 -67.4023 1.00473 0.149664 2.12761
66 2 -1.098 -93.4852 -96.6026 -67.2173 3.97901 -1.46796 1.85229
67 1 2.196 -94.8494 -95.3698 -64.1967 -0.508795 3.83214 0.42112
68 2 -1.098 -96.2326 -94.0177 -64.4623 2.79699 3.3942 -1.51533
69 2 -1.098 -94.1613 -97.2358 -63.7229 1.75262 1.88687 -0.405314
70 1 2.196 -95.5068 -97.7683 -62.1537 3.22455 5.40643 0.492397
71 1 2.196 -95.0874 -95.0785 -61.1767 -1.38427 -1.37374 2.17584
72 2 -1.098 -96.0602 -96.1158 -62.7555 3.1938 0.892553 2.39638
73 2 -1.098 -96.2674 -93.6474 -61.3816 1.57757 0.151428 1.52754
74 2 -1.098 -94.2871 -96.764 -61.0624 -0.311716 -3.31425 -1.05283
75 1 2.196 -98.0194 -96.2778 -59.9695 1.9186 0.72891 -2.92622
76 1 2.196 -95.0049 -95.0609 -58.3128 0.270538 -1.38948 -1.24298
77 2 -1.098 -96.2104 -95.7072 -59.6405 -6.79535 2.84977 1.61056
78 2 -1.098 -96.2456 -93.616 -58.283 -2.36083 2.47012 2.33515
79 2 -1.098 -93.8391 -96.47 -58.4096 3.15648 0.213022 2.84304
80 1 2.196 -97.1773 -97.6353 -56.9601 -0.59029 3.50595 1.69438
81 1 2.196 -95.1437 -95.1605 -55.2825 1.27439 -6.22821 0.691914
82 2 -1.098 -95.8918 -96.0764 -56.8943 -0.286144 -4.84757 -1.71606
83 2 -1.098 -96.4356 -93.7448 -55.3555 -3.72526 -5.12813 -1.12368
84 2 -1.098 -93.8161 -96.5626 -55.2776 -4.04549 -0.258552 -3.06513
85 1 2.196 -97.1113 -97.722 -53.8161 0.768924 3.96318 1.8847
86 1 2.196 -95.0155 -95.2138 -52.3259 2.19318 -4.99829 -2.43751
87 2 -1.098 -95.9707 -96.1497 -53.7939 1.12378 -1.96212 -2.23116
88 2 -1.098 -96.4161 -93.9255 -52.6406 1.02557 1.15054 0.909572
89 2 -1.098 -93.7388 -96.4941 -52.3562 -2.77025 1.07658 4.10967
90 1 2.196 -95.3942 -95.1601 -49.4519 0.086759 2.56019 1.10929
91 2 -1.098 -96.3359 -95.8075 -51.0115 -5.42276 4.12317 0.379791
92 2 -1.098 -96.9178 -94.7275 -48.3187 -8.60835 5.10216 0.0592001
93 2 -1.098 -93.9414 -96.3192 -49.3874 -0.910692 -1.04813 4.05611
94 1 2.196 -94.1593 -90.5408 -67.7484 6.71363 0.636434 1.06835
95 2 -1.098 -96.0369 -91.2997 -65.8793 -2.31944 1.45557 2.6553
96 2 -1.098 -93.3627 -93.9227 -69.1932 0.288836 -1.85549 1.47583
97 1 2.196 -96.0646 -93.0814 -66.1829 -2.64273 -1.22212 0.119618
98 1 2.196 -95.0132 -90.4406 -64.5008 1.53611 2.03768 -8.09598
99 2 -1.098 -94.2465 -92.3972 -67.0241 -1.51964 10.7319 0.55444
100 2 -1.098 -96.345 -89.0239 -64.5177 -8.63601 -7.79919 0.680642
101 2 -1.098 -93.9667 -92.0312 -64.3835 8.23166 3.44519 -2.26255
102 1 2.196 -97.3366 -93.0163 -62.9488 -1.92733 -0.00996061 -2.95382
103 1 2.196 -95.2122 -90.585 -61.4557 -1.69542 0.116504 5.32645
104 2 -1.098 -96.0327 -91.3712 -63.0537 1.2081 0.867417 -1.39061
105 2 -1.098 -98.9452 -93.9138 -62.4225 -1.58301 -2.07431 -2.98312
106 2 -1.098 -96.494 -89.159 -61.4943 0.571314 1.98872 -3.46924
107 2 -1.098 -93.8271 -92.0563 -61.3446 -0.303438 0.350555 -2.27542
108 1 2.196 -97.2484 -92.7463 -59.9003 -1.69539 -0.209349 2.21009
109 1 2.196 -95.0853 -90.5213 -58.4436 -0.512313 -1.71594 -1.02089
110 2 -1.098 -96.0095 -91.4386 -59.8845 12.6959 -4.73006 6.97371
111 2 -1.098 -98.3255 -94.2694 -59.917 2.69387 0.812818 2.58099
112 2 -1.098 -96.4149 -89.1539 -58.4331 6.10908 -1.96137 4.26226
113 2 -1.098 -93.7494 -91.9785 -58.3218 -1.0259 1.87236 7.02128
114 1 2.196 -97.317 -92.8932 -56.8326 -2.94063 -1.36875 -1.52772
115 1 2.196 -95.1269 -90.5472 -55.3978 1.40067 -3.7036 -4.02118
116 2 -1.098 -96.0289 -91.4745 -56.8677 -1.90996 0.512421 -0.633219
117 2 -1.098 -98.6432 -94.3349 -56.6298 -5.15152 4.07352 1.7793
118 2 -1.098 -96.5374 -89.187 -55.4779 -0.297643 1.41392 7.78149
119 2 -1.098 -93.7858 -91.9525 -55.4352 -3.74468 -1.33688 1.29487
120 1 2.196 -97.4132 -92.8132 -53.8923 1.09562 -0.415017 -2.12489
121 1 2.196 -95.27 -90.5863 -52.4128 0.475945 -1.26876 3.51519
122 2 -1.098 -96.0704 -91.4629 -53.9898 2.64153 -0.107584 6.48886
123 2 -1.098 -98.6688 -94.3535 -53.7121 7.0776 -4.32219 -2.94047
124 2 -1.098 -96.493 -89.0507 -52.4614 4.08353 -4.21835 10.0063
125 2 -1.098 -93.9615 -91.9135 -52.4498 0.650899 -0.557328 -2.46896
126 1 2.196 -98.1939 -91.8651 -50.5434 -0.0571983 3.92623 -1.25185
127 1 2.196 -95.5254 -90.4935 -49.4144 -0.110087 1.91088 1.47049
128 2 -1.098 -96.3661 -91.1865 -50.9598 0.0228436 3.3825 1.89269
129 2 -1.098 -98.0018 -93.7353 -50.5488 -4.93713 -1.60361 -5.51456
130 2 -1.098 -96.6448 -88.9646 -49.2053 2.78286 2.0567 8.89952
131 2 -1.098 -94.1796 -91.7995 -49.4914 -7.64879 2.78456 -9.25264
132 1 2.196 -96.4524 -93.1067 -47.6609 1.60531 -2.24198 -1.53292
133 1 2.196 -94.6236 -90.3355 -46.1863 1.13274 -0.361767 -0.109896
134 2 -1.098 -95.7268 -91.8027 -46.6819 6.24325 -1.34726 -6.34071
135 2 -1.098 -93.1553 -91.7226 -46.1216 -2.53195 3.40838 6.56379
136 1 2.196 -95.0931 -87.218 -68.3703 0.961512 1.85068 4.03329
137 2 -1.098 -96.3248 -85.8342 -68.4222 -9.69386 -0.455712 9.41447
138 2 -1.098 -94.0606 -88.8416 -68.7141 4.29429 4.13452 -2.53141
139 1 2.196 -97.2559 -88.2512 -65.9611 2.58314 -2.03349 1.63843
140 1 2.196 -95.1499 -85.9816 -64.2825 1.67483 -0.212506 3.89556
141 2 -1.098 -96.4088 -88.3517 -67.6628 -4.05313 -6.66532 7.09495
142 2 -1.098 -98.5758 -89.627 -65.954 3.18716 -0.768543 6.24323
143 2 -1.098 -96.2716 -86.3874 -65.8155 -7.42307 -1.52781 0.809018
144 2 -1.098 -93.8206 -87.4134 -64.2978 2.56105 -1.30585 3.77792
145 1 2.196 -97.3256 -88.2885 -62.9967 0.396849 -5.67798 4.26433
146 1 2.196 -95.2467 -85.946 -61.3395 -5.44727 -1.37828 1.80708
147 2 -1.098 -96.0514 -86.8873 -62.82 -1.02713 -6.49351 -3.25787
148 2 -1.098 -98.518 -89.7142 -63.1518 0.520761 -3.57069 4.07226
149 2 -1.098 -96.777 -84.7826 -61.3203 -3.0626 1.19931 2.26036
150 2 -1.098 -93.7935 -87.3348 -61.3132 0.791534 -2.68222 -2.11919
151 1 2.196 -97.4371 -88.3187 -59.9083 2.08134 2.83002 -3.49673
152 1 2.196 -95.2006 -86.0636 -58.4518 -1.37711 -2.49864 3.04707
153 2 -1.098 -96.0657 -86.9448 -59.9395 6.92556 -0.242882 7.73312
154 2 -1.098 -98.7094 -89.7678 -59.8097 1.23745 0.814571 8.7388
155 2 -1.098 -96.6175 -84.7112 -58.4004 -6.47273 4.75917 -4.19039
156 2 -1.098 -93.774 -87.4032 -58.4457 -5.08017 -3.74517 1.70474
157 1 2.196 -97.4876 -88.3358 -56.9512 0.499026 -0.599148 2.27019
158 1 2.196 -95.3675 -85.9858 -55.4446 -1.1115 2.39184 -0.518488
159 2 -1.098 -96.1156 -86.9984 -56.9704 -1.04687 2.64234 2.03183
160 2 -1.098 -98.917 -89.6916 -56.9779 -2.27706 0.458598 4.67125
161 2 -1.098 -96.8989 -84.8173 -55.4756 3.14759 0.872713 -6.18636
162 2 -1.098 -93.8475 -87.3258 -55.405 0.450501 -4.18712 -2.82791
163 1 2.196 -97.4638 -88.2915 -53.9779 2.52736 -5.20977 1.4528
164 1 2.196 -95.4046 -86.0671 -52.3109 -1.76577 -0.243022 -1.37766
165 2 -1.098 -96.2415 -86.8145 -53.8872 0.202455 -5.22913 3.29586
166 2 -1.098 -98.9168 -89.6154 -53.8567 0.601371 6.73896 6.6825
167 2 -1.098 -96.905 -84.7188 -52.3058 -0.148024 -0.757599 -2.66162
168 2 -1.098 -94.0189 -87.4062 -52.441 -0.561344 1.29925 4.33735
169 1 2.196 -97.5093 -88.3252 -50.9226 -1.45566 -1.827 -2.86225
170 1 2.196 -95.1309 -85.8053 -49.411 2.26698 -1.52127 0.605585
171 2 -1.098 -96.2204 -86.819 -50.8108 -2.90543 0.812686 -1.42899
172 2 -1.098 -98.5884 -89.8368 -51.102 8.67672 -1.5369 -1.11622
173 2 -1.098 -97.5613 -84.3392 -49.2873 -1.5386 5.97041 -2.55822
174 2 -1.098 -94.0277 -87.3719 -49.5994 -2.84382 0.46908 4.16137
175 1 2.196 -98.301 -85.9435 -48.7059 0.850152 -0.644503 -1.48524
176 1 2.196 -96.5041 -88.0175 -47.3439 -0.71793 -2.13248 1.62521
177 2 -1.098 -98.3639 -87.3222 -47.4316 3.50071 0.699215 6.97796
178 2 -1.098 -96.2473 -89.3022 -46.0944 -6.78317 -4.83215 0.55679
179 2 -1.098 -93.4185 -83.909 -67.8851 -4.55341 4.7129 2.27082
180 1 2.196 -97.0539 -84.951 -67.0001 -1.06783 0.468018 -1.97513
181 1 2.196 -95.5273 -82.9901 -64.6294 -1.62166 -4.52485 1.0947
182 2 -1.098 -96.5551 -83.3093 -66.1355 -1.874 -3.26427 8.2158
183 2 -1.098 -94.3144 -84.4441 -65.3458 -4.91343 -1.50596 -1.9496
184 1 2.196 -97.7145 -83.7393 -62.6855 -3.03058 -0.397258 -2.51482
185 1 2.196 -95.2445 -81.6962 -61.4766 1.54232 0.421518 2.1656
186 2 -1.098 -96.4817 -84.6048 -63.9773 -1.68751 2.82492 3.51401
187 2 -1.098 -98.9976 -84.2785 -63.9657 -3.47539 -0.488234 -7.15714
188 2 -1.098 -96.2566 -82.3875 -62.999 4.61477 -6.17361 -5.74445
189 2 -1.098 -93.7302 -82.8761 -61.4176 -4.05965 -3.90067 1.69395
190 1 2.196 -97.6134 -83.7369 -59.7873 -2.67899 0.993989 3.14399
191 1 2.196 -95.4226 -81.935 -58.4163 1.2546 0.802239 -2.27094
192 2 -1.098 -95.9589 -82.7445 -60.0963 -2.08129 6.49307 1.24412
193 2 -1.098 -99.6559 -85.8437 -60.2346 3.58856 -4.76876 1.65729
194 2 -1.098 -97.4784 -82.3756 -58.3805 0.918753 -1.44479 3.72554
195 2 -1.098 -93.7668 -82.9846 -58.383 -5.49108 3.85377 4.37251
196 1 2.196 -97.7032 -83.7525 -56.9194 1.45238 1.1323 -2.31606
197 1 2.196 -95.1686 -81.6851 -55.3363 -2.96046 1.68618 -2.95702
198 2 -1.098 -95.9496 -82.7579 -56.7014 -7.08515 1.25938 -2.91149
199 2 -1.098 -99.3088 -85.4121 -56.5605 2.10799 -4.0372 -0.871895
200 2 -1.098 -96.7425 -80.6141 -55.3607 -3.86772 -2.77545 -6.68381
201 2 -1.098 -93.7347 -82.986 -55.341 1.77867 4.68962 -0.957774
202 1 2.196 -97.5739 -83.9803 -53.9346 -3.77668 3.18196 3.18485
203 1 2.196 -97.7731 -81.2677 -54.0811 4.36545 -1.53849 -0.40354
204 2 -1.098 -96.1854 -82.6241 -53.85 2.55597 -3.84708 1.21204
205 2 -1.098 -99.0666 -85.1253 -53.7127 -3.29946 0.762843 -2.59705
206 2 -1.098 -96.8537 -80.4931 -52.7279 1.0909 2.7594 3.19087
207 2 -1.098 -93.8744 -82.7953 -52.2454 -4.20521 -0.420314 -4.30941
208 1 2.196 -97.7966 -83.447 -51.0185 0.513498 0.981792 -1.54892
209 1 2.196 -95.294 -81.3871 -52.1347 0.238738 0.692415 1.0811
210 2 -1.098 -96.2808 -82.347 -50.9102 -10.0678 2.85888 -0.040526
211 2 -1.098 -99.3603 -84.5601 -51.0673 -2.59224 -1.15033 2.08992
212 2 -1.098 -94.1593 -84.5967 -48.3633 6.3542 -2.25979 -3.27077
213 2 -1.098 -94.5163 -80.2596 -62.3759 4.54169 -3.54174 -0.198453
214 2 -1.098 -93.9614 -78.7002 -58.527 0.629058 -4.47263 5.28418
215 2 -1.098 -93.6169 -78.5681 -55.2194 4.31984 -2.5655 3.76973
216 1 2.196 -90.1659 -99.3246 -64.5319 -2.29713 0.408034 0.648944
217 2 -1.098 -92.0939 -98.6551 -64.8973 -0.777859 5.65733 0.0650342
218 1 2.196 -90.9571 -99.9043 -61.2702 -2.35396 -2.79631 0.625101
219 2 -1.098 -90.8744 -100.402 -63.1029 -4.51435 0.775737 -1.54107
220 2 -1.098 -92.255 -98.3863 -61.5134 -4.87843 0.680715 -1.6558
221 2 -1.098 -89.0939 -100.612 -58.4903 -2.17652 3.64747 0.70992
222 1 2.196 -90.5954 -99.5243 -58.3257 -1.70511 1.91274 0.945311
223 2 -1.098 -91.9051 -100.349 -59.5998 -1.0177 7.03329 5.80107
224 2 -1.098 -92.0504 -98.29 -58.3727 -6.05422 3.72236 -6.33743
225 2 -1.098 -88.1917 -102.875 -58.6678 -0.825447 2.86683 -5.05936
226 1 2.196 -90.7837 -99.8763 -55.3849 -0.0990393 -0.560909 1.80319
227 2 -1.098 -91.8521 -100.394 -57.037 -1.78145 -0.0192733 0.510687
228 2 -1.098 -92.1259 -98.3232 -55.341 1.58938 1.98271 -3.20333
229 2 -1.098 -89.5632 -101.149 -56.1051 -0.863239 2.7609 -8.02997
230 1 2.196 -91.1595 -99.8346 -52.2891 -0.251605 0.982835 0.410717
231 2 -1.098 -91.5195 -100.737 -53.9226 0.573366 -0.36622 1.78899
232 2 -1.098 -91.9646 -98.0493 -52.1449 -0.697474 1.68412 -2.23656
233 2 -1.098 -92.8806 -100.456 -51.8073 -0.507816 -1.15586 3.80988
234 2 -1.098 -91.6614 -97.8687 -48.9621 -6.43515 -0.93002 0.748822
235 1 2.196 -90.2124 -94.2818 -67.8573 0.523269 -0.029777 -0.667716
236 2 -1.098 -91.9951 -93.8915 -67.116 2.31407 -1.85988 -0.987226
237 2 -1.098 -90.715 -96.1432 -67.3021 -3.67918 2.95588 -2.34238
238 1 2.196 -91.9367 -97.3822 -66.433 0.760106 -3.0942 -1.43539
239 1 2.196 -90.6294 -94.9401 -64.2715 -0.784834 0.315157 -0.603291
240 2 -1.098 -91.8957 -96.2388 -64.9244 -1.31101 -1.09351 3.56184
241 2 -1.098 -91.9061 -93.6415 -64.2945 -5.5891 4.67698 -3.276
242 2 -1.098 -89.2462 -96.3884 -64.4769 7.39029 5.4819 -1.95269
243 1 2.196 -92.2491 -97.4759 -63.3596 4.63576 1.09213 -2.63702
244 1 2.196 -90.7227 -95.033 -61.1706 -0.883757 1.06394 -0.378918
245 2 -1.098 -91.698 -95.8089 -62.6375 2.01228 2.03058 1.01062
246 2 -1.098 -95.3907 -99.5485 -61.6734 6.41389 -0.416571 3.46982
247 2 -1.098 -91.9943 -93.6281 -61.2816 1.46274 -0.68237 -4.6185
248 2 -1.098 -89.4409 -96.5784 -61.2259 -3.907 1.85576 4.47868
249 1 2.196 -92.9919 -97.4748 -59.9069 -0.122121 -0.624562 -2.68607
250 1 2.196 -90.7457 -95.0939 -58.33 -1.28932 0.257688 -5.80771
251 2 -1.098 -91.6787 -95.9991 -59.8107 -2.78428 -1.62249 -2.543
252 2 -1.098 -94.2529 -98.8143 -59.4853 -3.42568 -0.677376 3.64531
253 2 -1.098 -91.9845 -93.709 -58.338 -1.62512 0.509804 1.42102
254 2 -1.098 -89.5051 -96.5308 -58.3424 1.80403 -5.39734 -1.41775
255 1 2.196 -92.9653 -97.3495 -56.808 0.721575 0.910109 0.821479
256 1 2.196 -90.7658 -95.0396 -55.345 -2.0442 -1.5029 4.03783
257 2 -1.098 -91.6545 -95.9056 -56.8418 2.88828 1.8611 -3.7421
258 2 -1.098 -94.0805 -99.2722 -56.7949 1.2612 -0.0536149 -3.71169
259 2 -1.098 -91.9739 -93.6312 -55.2777 6.00864 -6.07477 9.39462
260 2 -1.098 -89.446 -96.4147 -55.3689 8.05509 -3.43222 -6.34608
261 1 2.196 -92.8228 -97.4107 -53.7277 1.08082 -0.855159 -3.81958
262 1 2.196 -90.874 -95.0629 -52.3468 -0.689181 3.46849 2.31997
263 2 -1.098 -91.7005 -95.9303 -53.9284 -4.42805 2.13419 7.65015
264 2 -1.098 -94.0386 -98.8498 -53.8027 -4.32739 -0.102886 4.00359
265 2 -1.098 -92.1544 -93.6186 -52.2913 -4.44594 2.24082 -0.810886
266 2 -1.098 -89.5608 -96.4298 -52.3775 -5.23539 1.47749 4.29903
267 1 2.196 -92.9465 -97.3872 -50.5423 0.423622 -0.0766416 -0.819852
268 1 2.196 -90.8522 -94.8577 -49.3778 4.42917 -3.06849 0.820784
269 2 -1.098 -91.7808 -95.7214 -50.7574 -0.0144195 2.70162 -0.667133
270 2 -1.098 -94.3513 -98.5501 -50.8018 -5.02898 6.11168 -0.167546
271 2 -1.098 -92.2818 -93.6302 -49.3159 -5.68817 0.12801 -3.32122
272 2 -1.098 -89.693 -96.5117 -49.5773 -4.84566 0.109342 0.542885
273 1 2.196 -90.0815 -97.5575 -47.9142 0.683755 -0.340833 -0.222008
274 1 2.196 -90.149 -94.208 -46.3866 0.922887 0.700858 -1.71444
275 2 -1.098 -88.1806 -97.6058 -47.8577 1.13043 -0.828461 4.34093
276 2 -1.098 -90.0166 -96.0537 -46.7538 3.73438 2.38759 -2.38812
277 1 2.196 -89.9907 -90.0103 -70.6844 -5.41477 -3.98052 -3.64721
278 2 -1.098 -91.4082 -88.8903 -70.1375 -5.34175 -2.94311 5.96684
279 2 -1.098 -91.5014 -91.4766 -70.8393 -2.67313 -6.41722 -4.25836
280 1 2.196 -92.8267 -92.185 -69.851 -2.68516 2.09565 0.0875349
281 1 2.196 -90.782 -90.6294 -67.282 -0.00780401 -0.922842 -4.99101
282 2 -1.098 -92.4432 -91.2795 -68.2071 -2.45485 2.3574 -2.36986
283 2 -1.098 -91.8905 -88.9755 -67.3814 2.80296 -0.694688 -2.92257
284 2 -1.098 -89.9262 -92.3307 -66.9814 5.05045 11.9641 -2.19091
285 1 2.196 -92.8139 -92.8071 -65.7952 1.03621 0.00470554 -2.57216
286 1 2.196 -90.6667 -90.6975 -64.2963 -0.377542 -1.96141 -2.30212
287 2 -1.098 -91.7863 -91.2716 -65.7063 -2.96586 0.460985 0.506641
288 2 -1.098 -94.0134 -94.437 -65.5869 1.90281 -0.173501 -0.851157
289 2 -1.098 -91.973 -89.0988 -64.3133 1.67091 0.655499 6.21271
290 2 -1.098 -89.4621 -92.1448 -64.2852 2.80507 -1.91707 -0.324852
291 1 2.196 -92.9878 -92.8138 -62.8188 4.36109 -1.0028 -1.53562
292 1 2.196 -90.7696 -90.6485 -61.2827 -0.596893 0.812864 -1.56016
293 2 -1.098 -91.7048 -91.4932 -62.928 0.257029 2.43786 -3.4854
294 2 -1.098 -94.0653 -94.4237 -62.7205 4.25593 -7.2539 5.05147
295 2 -1.098 -92.1073 -89.2058 -61.3811 0.703015 0.36577 -2.19849
296 2 -1.098 -89.3565 -92.0912 -61.2955 0.304532 -0.75708 0.540528
297 1 2.196 -92.8767 -92.7736 -59.8134 2.09011 2.44278 0.689197
298 1 2.196 -90.5932 -90.5413 -58.3087 -2.38466 1.09667 1.15233
299 2 -1.098 -91.4951 -91.4322 -59.7537 5.08045 -1.87262 7.86592
300 2 -1.098 -94.1461 -94.2159 -59.8256 -1.32989 1.27641 -1.91855
301 2 -1.098 -91.9629 -89.1928 -58.3146 8.39779 -2.25547 -1.55207
302 2 -1.098 -89.293 -92.0172 -58.2701 5.594 6.37133 4.61877
303 1 2.196 -92.9246 -92.8085 -56.8451 -4.62132 -0.929105 0.960146
304 1 2.196 -90.7746 -90.5901 -55.3417 -1.35419 0.739814 -1.27518
305 2 -1.098 -91.5396 -91.5063 -56.8982 -0.231665 0.241322 -0.320884
306 2 -1.098 -94.1143 -94.2599 -56.7918 3.63641 7.23502 4.91503
307 2 -1.098 -92.088 -89.2131 -55.4088 -1.90232 -1.4604 1.53461
308 2 -1.098 -89.3536 -91.9203 -55.235 6.45904 -2.95771 1.09644
309 1 2.196 -93.0252 -92.8113 -53.8414 -0.433543 1.11749 0.424134
310 1 2.196 -90.8113 -90.5065 -52.4256 2.70512 -2.23141 2.71113
311 2 -1.098 -91.7238 -91.3644 -53.8713 -6.14831 -1.12286 -3.77575
312 2 -1.098 -94.2577 -94.2593 -53.8821 0.703917 -1.62315 -0.243948
313 2 -1.098 -92.2029 -89.1367 -52.4234 6.56749 4.13027 -0.480108
314 2 -1.098 -89.4619 -91.8533 -52.3506 -0.486239 2.94915 -0.922785
315 1 2.196 -93.1512 -92.7609 -50.7653 0.182613 0.242423 1.37443
316 1 2.196 -90.9106 -90.4135 -49.4188 -3.40707 -0.682064 -0.399637
317 2 -1.098 -91.7709 -91.2999 -50.9174 -4.0844 -3.92053 -6.69815
318 2 -1.098 -94.4797 -94.15 -50.79 1.79 0.312629 -5.25257
319 2 -1.098 -92.2399 -89.0256 -49.2859 0.811557 9.08554 -0.856552
320 2 -1.098 -89.4194 -91.7329 -49.4274 -0.308309 -1.61447 2.85727
321 1 2.196 -93.0696 -92.8817 -47.762 -5.79517 0.776684 1.60928
322 1 2.196 -91.4338 -90.6916 -46.3082 4.33886 5.90662 -3.43819
323 2 -1.098 -91.792 -91.4659 -48.1223 -1.52546 -2.39023 3.67407
324 2 -1.098 -94.7044 -93.88 -48.0554 0.345711 -3.4716 7.40055
325 2 -1.098 -92.7928 -89.3682 -46.3934 -0.542154 1.92942 -1.74087
326 2 -1.098 -90.1634 -92.258 -46.2923 2.5816 -2.84247 0.128553
327 2 -1.098 -91.9615 -94.0438 -46.7355 -4.59802 1.27491 3.56158
328 2 -1.098 -88.8258 -88.5665 -70.1575 -0.765325 -3.41992 3.00079
329 1 2.196 -92.4104 -88.0094 -68.9669 -1.22798 0.0752858 -2.32359
330 1 2.196 -90.0809 -85.8932 -67.2882 -2.62967 -4.73638 -6.78788
331 2 -1.098 -91.4397 -86.4687 -68.5098 1.73459 4.17648 2.67172
332 2 -1.098 -94.4082 -91.2484 -69.4868 3.01922 2.5949 2.56705
333 2 -1.098 -91.2844 -84.4625 -67.204 2.08298 -1.72918 5.80676
334 2 -1.098 -89.1875 -87.5711 -67.2278 -1.06208 -0.937108 5.78691
335 1 2.196 -92.7481 -88.1696 -65.8112 0.337277 0.29734 3.62456
336 1 2.196 -90.5668 -86.0283 -64.3503 -2.22368 -4.50758 -0.734242
337 2 -1.098 -91.4509 -86.8309 -65.8784 -6.99715 -3.0116 -6.71135
338 2 -1.098 -94.0543 -89.6637 -66.1163 0.848095 3.83903 -7.0527
339 2 -1.098 -91.973 -84.7008 -64.4428 1.81395 7.01045 -3.38681
340 2 -1.098 -89.2363 -87.4305 -64.3026 2.42314 -2.55914 -1.80124
341 1 2.196 -92.9873 -88.227 -62.861 -3.67793 -1.05313 -0.427714
342 1 2.196 -90.5606 -86.1087 -61.3578 -1.09376 -0.90887 -1.18059
343 2 -1.098 -91.5363 -86.9118 -62.9285 1.74146 2.64732 -1.57216
344 2 -1.098 -94.1777 -89.7503 -62.8946 1.89796 0.458967 -2.77967
345 2 -1.098 -91.912 -84.6422 -61.3765 -1.57588 -1.49684 -7.3397
346 2 -1.098 -89.3282 -87.5467 -61.3074 -1.42192 9.6155 1.14035
347 1 2.196 -92.8263 -88.2321 -59.8784 2.52389 2.75604 -0.19515
348 1 2.196 -90.5367 -86.0537 -58.3099 3.52214 -2.56153 2.78584
349 2 -1.098 -91.4156 -86.9498 -59.9052 2.07424 3.01698 -1.88735
350 2 -1.098 -94.1402 -89.7181 -59.8671 2.37127 5.50971 -2.17896
351 2 -1.098 -91.9042 -84.6971 -58.3897 0.84979 -3.98826 3.3887
352 2 -1.098 -89.3168 -87.5174 -58.2602 6.5294 -3.92182 2.71473
353 1 2.196 -92.9104 -88.2274 -56.8402 0.263476 0.321328 -0.138945
354 1 2.196 -90.6464 -85.9919 -55.3218 3.76248 -0.307685 -1.60766
355 2 -1.098 -91.5149 -86.8757 -56.8393 -7.48267 1.37681 -2.52844
356 2 -1.098 -94.2097 -89.6252 -56.9873 -5.30855 4.74661 -0.268949
357 2 -1.098 -92.0492 -84.7231 -55.3175 3.82221 -3.49296 -3.35241
358 2 -1.098 -89.3321 -87.4236 -55.2884 0.218954 -1.88803 -7.62152
359 1 2.196 -92.998 -88.2255 -53.8919 0.32008 -1.3704 -1.29826
360 1 2.196 -90.6665 -86.1017 -52.3467 1.49448 1.16911 -1.42325
361 2 -1.098 -91.6821 -86.8799 -53.8709 -0.879149 0.895911 7.76607
362 2 -1.098 -94.36 -89.6131 -53.8944 -3.53217 -1.69889 4.79738
363 2 -1.098 -92.0735 -84.7336 -52.3784 2.20336 1.16151 0.275639
364 2 -1.098 -89.3342 -87.5378 -52.2494 -2.39652 -2.28872 -2.75428
365 1 2.196 -93.1069 -88.2727 -50.9433 -3.60137 0.68461 1.08913
366 1 2.196 -90.6479 -86.1532 -49.3724 3.19018 2.21401 -0.808403
367 2 -1.098 -91.6664 -86.8991 -50.8834 -6.97032 -1.42628 5.41262
368 2 -1.098 -94.4595 -89.6373 -50.9008 0.310961 2.75106 -1.53369
369 2 -1.098 -91.9335 -84.6604 -49.6773 4.78069 6.7399 -2.18294
370 2 -1.098 -89.4751 -87.6532 -49.1206 -6.84762 -2.67509 1.32483
371 1 2.196 -93.2198 -88.2118 -47.9475 3.70303 0.134041 -0.214336
372 1 2.196 -88.2751 -86.2473 -45.0991 0.521415 0.736038 -0.648763
373 2 -1.098 -92.0991 -86.5781 -48.0226 0.345122 2.05761 -4.65884
374 2 -1.098 -94.5996 -89.7397 -48.0384 0.532903 1.07741 0.377751
375 2 -1.098 -94.722 -87.4885 -47.0279 1.2001 -2.15889 -2.04631
376 2 -1.098 -88.7299 -87.8946 -46.1078 2.68476 -7.62474 -2.43792
377 2 -1.098 -89.0313 -87.4078 -43.8059 -2.73472 -4.42735 2.85085
378 1 2.196 -92.2179 -84.8367 -69.0316 0.0632509 1.04914 3.73115
379 1 2.196 -88.3183 -81.4874 -67.3502 4.10046 0.323299 1.48525
380 2 -1.098 -93.6078 -86.3839 -69.4345 1.2707 1.65819 -4.26466
381 2 -1.098 -88.5539 -81.8854 -69.1233 0.0373297 -3.47995 0.22087
382 1 2.196 -92.6682 -83.8969 -66.148 1.64149 -1.07317 -2.51256
383 1 2.196 -90.3306 -81.4292 -64.6639 3.05234 2.78562 1.08057
384 2 -1.098 -88.6779 -83.3873 -67.2863 2.08653 -7.28375 -4.79805
385 2 -1.098 -93.7858 -87.0295 -67.0179 5.5518 -2.40988 -1.73694
386 2 -1.098 -91.789 -82.3434 -65.5321 -4.04673 6.80557 5.00212
387 2 -1.098 -89.0713 -82.8459 -64.4121 4.40726 7.69991 -2.10561
388 1 2.196 -92.7348 -83.8468 -62.9174 0.817663 6.06303 1.26805
389 1 2.196 -90.5115 -81.5424 -61.2675 1.31952 3.57687 1.71551
390 2 -1.098 -91.5811 -82.2444 -62.7884 -3.2872 3.2855 2.75031
391 2 -1.098 -94.2383 -85.0047 -62.9009 -1.76566 -1.72898 5.13166
392 2 -1.098 -92.2428 -80.3584 -61.4029 -1.50704 -6.16379 3.88558
393 2 -1.098 -89.281 -82.8904 -61.3157 -0.8457 7.13818 -4.45293
394 1 2.196 -92.84 -83.8101 -59.8637 -1.86569 7.87145 -0.798949
395 1 2.196 -90.7934 -81.6062 -58.306 0.589031 0.909556 -0.189192
396 2 -1.098 -91.4527 -82.4871 -59.8647 -2.74695 0.421754 0.953783
397 2 -1.098 -94.257 -85.0318 -59.8879 -1.61047 6.63949 0.0530082
398 2 -1.098 -92.0573 -80.115 -58.4163 -4.16151 4.57124 -0.527097
399 2 -1.098 -89.2814 -82.9164 -58.3341 2.76419 -4.39056 -0.112437
400 1 2.196 -92.8479 -83.9148 -56.8418 1.59624 1.59998 -4.07263
401 1 2.196 -90.563 -81.5512 -55.2732 4.85452 1.6819 0.920575
402 2 -1.098 -91.6038 -82.3831 -56.6998 -7.63501 5.09768 0.739519
403 2 -1.098 -94.3692 -85.1751 -56.9574 3.94478 0.628594 -3.3718
404 2 -1.098 -91.8977 -80.0474 -55.133 4.41162 0.738366 5.7025
405 2 -1.098 -89.3122 -83.0404 -55.2191 -1.95723 -2.44191 -2.16194
406 1 2.196 -92.9832 -83.8837 -53.8326 3.81427 -2.46504 -2.6567
407 1 2.196 -90.585 -81.7405 -52.3669 0.74864 1.1055 3.89751
408 2 -1.098 -91.5517 -82.5535 -53.7951 -0.158002 -4.72639 -0.740955
409 2 -1.098 -94.5025 -85.0864 -53.898 -1.84043 -5.78515 4.44605
410 2 -1.098 -91.8143 -80.3045 -52.3628 4.95696 -4.55244 4.59015
411 2 -1.098 -89.2652 -83.081 -52.2653 -5.57457 2.08481 1.81607
412 1 2.196 -92.9607 -83.8975 -51.005 1.65698 -3.12872 0.18231
413 1 2.196 -90.948 -81.8634 -49.1724 0.943464 -0.964414 -0.818586
414 2 -1.098 -91.6412 -82.5085 -50.8712 2.11637 7.29694 -5.8038
415 2 -1.098 -94.4685 -85.0744 -51.0212 -2.01867 -2.23591 -6.54386
416 2 -1.098 -92.1103 -80.4079 -49.3017 -3.28233 -0.684891 -2.56424
417 2 -1.098 -89.4005 -82.9904 -49.2702 -1.89169 -1.18528 -5.50528
418 1 2.196 -92.3281 -84.5669 -47.7527 -1.08575 -3.91858 -1.57997
419 2 -1.098 -91.7458 -82.8536 -47.7603 -2.56267 -10.5005 -2.94943
420 2 -1.098 -96.4671 -86.2898 -48.2941 0.759178 -1.18564 -3.19332
421 2 -1.098 -88.3838 -84.6637 -46.033 5.18587 -3.1344 -0.314443
422 1 2.196 -92.8897 -80.7838 -63.2084 0.496271 -1.68137 0.710752
423 2 -1.098 -91.6845 -80.0561 -64.3457 1.4615 2.6233 -8.12505
424 2 -1.098 -93.8745 -82.365 -63.9439 1.40447 2.03318 3.12191
425 2 -1.098 -88.8172 -78.3039 -61.1191 0.634902 1.50695 -2.81658
426 1 2.196 -93.2801 -79.5081 -60.0708 -4.60732 1.09666 -0.0697881
427 1 2.196 -90.7618 -78.6431 -58.6868 0.219237 3.09439 -0.533244
428 2 -1.098 -91.8956 -78.2653 -60.0689 -6.7457 -7.23946 0.245267
429 2 -1.098 -94.6229 -80.7947 -59.8625 5.25933 -0.508428 -3.3083
430 2 -1.098 -88.9541 -78.3573 -58.1934 -0.591253 0.792187 -0.866352
431 1 2.196 -93.3905 -79.3392 -56.9107 -2.79497 -3.4431 1.48038
432 1 2.196 -91.2814 -78.2013 -55.0816 1.30967 0.0675075 -0.471471
433 2 -1.098 -91.5479 -78.2454 -56.9475 -8.80716 5.39822 1.11518
434 2 -1.098 -94.5354 -80.8036 -57.019 3.98471 -0.824957 4.12389
435 2 -1.098 -89.4733 -78.6303 -55.2941 -2.18061 -2.53123 -3.97486
436 1 2.196 -93.2993 -79.4206 -53.5049 2.24859 1.56787 3.82989
437 2 -1.098 -92.1073 -77.9555 -53.3928 -1.59259 -5.7314 0.566594
438 2 -1.098 -94.4607 -80.8099 -53.8668 1.50683 5.53648 1.85302
439 2 -1.098 -90.6824 -78.4592 -50.3023 -2.712 6.49784 1.60203
440 1 2.196 -92.2675 -79.372 -50.7651 0.160714 -0.907616 1.28612
441 2 -1.098 -94.0286 -79.7983 -51.743 -4.13067 -0.805734 -11.8797
442 1 2.196 -86.5102 -98.418 -64.8788 -1.23987 -3.01237 5.27917
443 2 -1.098 -87.367 -97.3257 -66.2801 5.26313 1.25712 1.3008
444 1 2.196 -85.868 -99.3735 -61.5717 3.30099 2.27032 2.92648
445 2 -1.098 -88.232 -98.8522 -64.1664 -1.59783 -2.96212 -1.50392
446 2 -1.098 -87.6792 -98.3687 -61.4995 -3.13594 -5.86238 7.35162
447 1 2.196 -88.0097 -101.525 -59.9888 1.08215 -2.64052 0.814638
448 1 2.196 -86.0054 -99.3753 -57.9432 -4.02586 -3.84725 -2.85678
449 2 -1.098 -89.4938 -101.121 -61.0058 2.04816 -1.4465 -0.383747
450 2 -1.098 -87.6449 -98.2216 -58.1049 -0.992261 -1.71446 5.5268
451 2 -1.098 -86.7237 -100.89 -61.2147 6.92547 2.2626 -1.64563
452 1 2.196 -88.1706 -101.715 -57.1497 -2.63533 0.0451084 -2.7701
453 1 2.196 -86.5106 -99.6792 -54.8032 -1.86386 -0.824803 7.04274
454 2 -1.098 -86.7026 -101.01 -58.5063 5.76853 1.62504 -7.68427
455 2 -1.098 -87.7798 -98.3552 -55.1912 2.08285 -0.86073 3.79743
456 2 -1.098 -86.8552 -100.885 -56.1094 -3.32448 2.9064 -6.69392
457 1 2.196 -86.4473 -99.416 -51.7222 -1.02376 1.69183 -2.46114
458 2 -1.098 -86.8304 -100.624 -53.088 2.7677 0.16154 4.44815
459 2 -1.098 -87.7561 -98.2211 -52.3926 9.7669 -0.520109 -6.07471
460 2 -1.098 -87.23 -98.5451 -50.063 2.3741 -7.11399 -3.66149
461 1 2.196 -86.6592 -94.5333 -68.2057 -1.32737 -1.07937 -0.281416
462 2 -1.098 -87.7321 -93.0429 -67.6882 -7.06623 2.21047 6.44271
463 2 -1.098 -85.6586 -96.0743 -68.4039 -4.51137 -5.06641 -2.92054
464 1 2.196 -88.9825 -96.507 -66.4613 -6.00496 -2.9349 -2.35911
465 1 2.196 -85.9361 -94.7414 -64.4139 -7.17975 0.143613 -3.48704
466 2 -1.098 -88.4505 -95.3728 -67.9128 3.1255 -1.22355 5.17177
467 2 -1.098 -90.0838 -98.2309 -66.1328 -1.47296 -4.37872 1.36294
468 2 -1.098 -87.4919 -93.6565 -64.2949 8.00841 -2.48796 2.86151
469 2 -1.098 -85.5555 -96.5685 -64.8843 -2.38516 -0.133123 0.158789
470 1 2.196 -88.6486 -97.2436 -62.8157 2.7633 1.18122 0.741888
471 1 2.196 -86.2721 -95.329 -61.2715 1.77571 3.86213 0.637317
472 2 -1.098 -87.0925 -96.1638 -62.8428 -3.1414 9.9732 1.83139
473 2 -1.098 -90.3771 -98.0336 -63.1052 -4.30039 -3.65133 6.22209
474 2 -1.098 -87.5546 -93.8962 -61.2527 -1.74534 5.73468 -5.31278
475 2 -1.098 -85.0136 -96.7523 -61.2335 1.2411 6.01732 -1.06297
476 1 2.196 -88.4393 -97.5517 -59.8119 1.34123 -4.9857 6.22018
477 1 2.196 -86.3103 -95.2557 -58.1913 2.45809 -2.42474 -0.585895
478 2 -1.098 -87.1423 -96.166 -59.7621 0.557469 3.12619 -6.0554
479 2 -1.098 -89.9475 -98.7736 -59.9541 0.658335 1.75075 -0.312132
480 2 -1.098 -87.5734 -93.8155 -58.2284 -2.5391 -0.000339971 1.25487
481 2 -1.098 -85.0006 -96.6326 -58.1334 2.07792 -0.840683 -1.43307
482 1 2.196 -88.62 -97.3606 -56.748 -2.39096 -0.753265 0.426436
483 1 2.196 -86.376 -95.1348 -55.1892 -4.18662 -1.07088 -0.276387
484 2 -1.098 -87.2215 -95.9585 -56.6585 3.46466 -0.926545 -3.15668
485 2 -1.098 -90.0223 -98.6573 -56.773 2.07671 -1.31748 -5.20168
486 2 -1.098 -87.6422 -93.7593 -55.188 0.000137423 -2.29848 6.57956
487 2 -1.098 -85.0014 -96.5086 -55.2522 5.75167 0.978334 0.478586
488 1 2.196 -88.7138 -97.4349 -53.8096 1.29005 1.231 2.51267
489 1 2.196 -86.3565 -95.1393 -52.1274 2.84283 -3.37083 1.06882
490 2 -1.098 -87.2437 -96.0197 -53.7498 -3.3082 -7.87306 2.35779
491 2 -1.098 -90.0155 -98.8536 -53.9171 -0.0242433 -1.24471 5.29673
492 2 -1.098 -87.7107 -93.7605 -52.2851 1.88645 2.93177 -2.132
493 2 -1.098 -84.9509 -96.6133 -52.0088 8.52396 4.96926 -4.88931
494 1 2.196 -88.7744 -97.5153 -50.9052 -2.85598 -2.94704 -3.45247
495 1 2.196 -84.1292 -95.1571 -49.1506 -2.28608 -0.345429 -1.90608
496 2 -1.098 -87.2323 -96.1403 -50.6428 -0.831116 -2.59076 -3.64742
497 2 -1.098 -89.861 -99.096 -51.0781 -1.95994 1.24124 -7.63052
498 2 -1.098 -87.1357 -92.5159 -48.3594 -0.883177 1.74636 -2.77781
499 2 -1.098 -84.8201 -96.9267 -49.3059 -0.260715 -1.46779 1.10802
500 1 2.196 -86.7503 -96.9191 -48.9055 -3.32324 -1.31583 0.210676
501 1 2.196 -86.3462 -93.7324 -46.9619 -0.428016 -1.59956 0.626558
502 2 -1.098 -86.4107 -95.3768 -47.9206 -5.40191 -2.16575 4.94511
503 2 -1.098 -88.1506 -93.633 -46.4009 2.06838 -1.49259 2.94483
504 2 -1.098 -88.5995 -91.2375 -70.9747 2.66651 -8.1902 -4.09729
505 1 2.196 -88.3472 -92.0502 -69.3132 1.4486 1.06752 -0.922928
506 1 2.196 -86.0534 -90.3694 -67.2355 -0.907486 -0.810385 -1.49306
507 2 -1.098 -86.6329 -91.1263 -68.9269 -1.57293 -1.76547 2.83114
508 2 -1.098 -89.6383 -93.3814 -69.3371 2.78243 -0.886484 1.89165
509 2 -1.098 -87.4178 -89.1173 -67.424 -2.10331 -1.21487 0.0446829
510 2 -1.098 -84.5945 -91.6052 -67.4722 1.32475 0.021335 3.9262
511 1 2.196 -88.3816 -92.8553 -65.8501 5.92112 -2.4685 -4.02167
512 1 2.196 -86.1742 -90.7148 -64.2432 0.64073 -2.83544 0.468775
513 2 -1.098 -87.126 -91.4098 -65.8967 -1.17768 -4.90675 -0.445358
514 2 -1.098 -89.4679 -94.4633 -65.9206 -5.83396 -1.58021 0.92176
515 2 -1.098 -87.641 -89.4055 -64.2096 4.84141 -4.31445 3.90344
516 2 -1.098 -85.0137 -92.1463 -64.2344 2.60231 -2.91948 5.65985
517 1 2.196 -88.3875 -92.9276 -62.7844 0.445857 3.20601 1.16713
518 1 2.196 -86.1613 -90.8567 -61.2342 2.01211 2.23066 -1.37871
519 2 -1.098 -87.1359 -91.5824 -62.7458 5.41156 -7.31104 0.965454
520 2 -1.098 -89.6842 -94.3647 -62.7618 5.24606 -0.359769 -4.64415
521 2 -1.098 -87.4933 -89.4375 -61.2764 5.97551 5.31232 -5.01559
522 2 -1.098 -84.8157 -92.2129 -61.2275 1.87399 -4.0661 8.1193
523 1 2.196 -88.4538 -92.9783 -59.8164 -1.8125 -0.659229 1.77866
524 1 2.196 -86.2648 -90.7604 -58.2612 -1.07414 2.49657 1.05871
525 2 -1.098 -87.0974 -91.7038 -59.7051 -3.73237 -5.65982 -2.54499
526 2 -1.098 -89.8213 -94.2451 -59.7154 3.67273 -2.23142 1.13909
527 2 -1.098 -87.6179 -89.3506 -58.2453 3.0745 0.323833 -1.5636
528 2 -1.098 -84.8242 -92.0609 -58.3646 -3.11421 -0.763443 1.45751
529 1 2.196 -88.4145 -92.9249 -56.7689 -0.0585421 -1.11049 0.702695
530 1 2.196 -86.2259 -90.7184 -55.285 0.0414165 0.866268 1.10285
531 2 -1.098 -87.1055 -91.6025 -56.7575 0.231287 -3.95401 -1.47682
532 2 -1.098 -89.8647 -94.2624 -56.8106 -6.35604 3.7798 2.89094
533 2 -1.098 -87.5307 -89.2704 -55.2194 -3.74135 -0.24192 6.70477
534 2 -1.098 -84.8608 -92.0474 -55.3215 4.36442 -6.5284 1.10565
535 1 2.196 -88.5999 -92.8239 -53.7393 2.35544 -2.94922 4.91836
536 1 2.196 -86.128 -90.5934 -52.3287 -1.91548 -2.81136 -0.389627
537 2 -1.098 -87.005 -91.6629 -53.8123 -2.18008 -2.81178 2.92352
538 2 -1.098 -89.9157 -94.1637 -53.8504 4.69416 -1.87487 -0.184683
539 2 -1.098 -87.631 -89.3651 -52.2451 1.88333 -8.51235 -1.11789
540 2 -1.098 -84.768 -91.9326 -52.3497 -2.64774 -5.54889 -0.502801
541 1 2.196 -88.6528 -92.7399 -50.9203 2.29782 3.51631 -1.12189
542 1 2.196 -86.3127 -90.8752 -49.3623 1.19437 1.35435 0.31315
543 2 -1.098 -87.1013 -91.6754 -50.9176 -2.23485 0.185873 -2.88471
544 2 -1.098 -89.9579 -94.0362 -50.9262 -1.50184 2.6785 1.79742
545 2 -1.098 -87.7544 -89.559 -49.3889 -1.5715 -2.35983 -0.0416146
546 2 -1.098 -84.6144 -91.8937 -49.3335 -3.24078 -0.560629 0.342702
547 1 2.196 -88.865 -92.1171 -47.657 -5.00941 -1.36699 -1.79598
548 1 2.196 -86.1903 -90.2835 -45.9776 6.02414 1.91624 1.01598
549 2 -1.098 -87.964 -90.4089 -46.8616 -1.83592 1.11194 -3.23486
550 2 -1.098 -89.7568 -93.924 -48.2135 0.615762 6.04563 4.41572
551 2 -1.098 -85.1433 -88.6474 -45.9507 2.93014 3.15705 -0.322838
552 2 -1.098 -85.8674 -92.1283 -46.186 2.31133 8.86345 1.65471
553 2 -1.098 -87.3312 -89.8954 -44.5393 2.48389 -1.59132 4.15241
554 1 2.196 -88.013 -87.664 -68.7698 0.323892 -2.26735 -1.14132
555 1 2.196 -85.4777 -85.2217 -68.7766 0.738172 3.95511 2.15664
556 2 -1.098 -86.6293 -86.576 -68.1988 -3.44393 5.35482 -0.116905
557 2 -1.098 -89.7407 -90.6619 -68.8394 6.68528 0.322537 -7.20665
558 2 -1.098 -88.9185 -85.6891 -68.7994 -0.136609 5.91791 0.71796
559 2 -1.098 -84.8066 -88.6212 -67.642 0.849803 -0.407866 -4.05315
560 1 2.196 -88.4596 -88.569 -65.7929 -4.91206 2.73148 -2.93471
561 1 2.196 -86.2571 -86.2586 -64.1045 -1.1741 2.25514 -3.1237
562 2 -1.098 -86.8513 -87.4515 -65.5316 -1.56536 -1.46273 -2.62441
563 2 -1.098 -89.7705 -89.8666 -65.8262 0.432267 -3.18769 -3.83476
564 2 -1.098 -87.3851 -84.769 -64.169 2.24594 2.15438 -7.02665
565 2 -1.098 -84.947 -87.6835 -64.0274 0.938317 -2.21171 0.701015
566 1 2.196 -88.3752 -88.431 -62.838 -0.0109856 1.72332 1.74566
567 1 2.196 -85.9784 -86.107 -61.2722 0.332983 -2.93631 1.87038
568 2 -1.098 -87.1122 -87.0357 -62.5607 -7.99702 1.54409 3.05187
569 2 -1.098 -89.7809 -89.8064 -62.8183 -5.55891 -1.17764 -1.43543
570 2 -1.098 -87.386 -84.7079 -61.2272 0.589337 -0.140227 -3.48595
571 2 -1.098 -84.7067 -87.6418 -61.3747 -3.83392 1.44267 -0.261816
572 1 2.196 -88.4409 -88.3768 -59.7978 -3.05718 1.91794 0.935364
573 1 2.196 -86.072 -86.1508 -58.2275 -2.46076 3.76792 -1.11597
574 2 -1.098 -86.9399 -87.0548 -59.7833 -3.69167 7.98642 0.889567
575 2 -1.098 -89.775 -89.6859 -59.9048 -1.04439 -3.13669 3.28892
576 2 -1.098 -87.5221 -84.835 -58.2654 1.92742 -3.26817 -6.51484
577 2 -1.098 -84.8105 -87.5609 -58.2592 -1.22173 5.0797 -0.699878
578 1 2.196 -88.391 -88.4433 -56.715 1.16025 3.19981 0.718977
579 1 2.196 -86.1882 -86.1569 -55.3284 -2.89637 0.169403 0.247282
580 2 -1.098 -87.026 -87.0829 -56.7762 1.27668 -5.07559 -2.32124
581 2 -1.098 -89.7579 -89.7798 -56.7158 -4.37887 -0.992676 0.209947
582 2 -1.098 -87.54 -84.8159 -55.28 0.969266 -1.98922 6.57741
583 2 -1.098 -84.7934 -87.5719 -55.3204 5.4174 0.220796 3.48089
584 1 2.196 -88.4553 -88.3867 -53.773 -2.39824 -0.185285 -0.524832
585 1 2.196 -86.1811 -86.2785 -52.2354 -1.02281 2.63608 0.441022
586 2 -1.098 -86.9844 -87.181 -53.7998 -0.755683 -13.1495 -6.58722
587 2 -1.098 -89.8845 -89.7204 -53.8629 2.64652 3.19393 1.16047
588 2 -1.098 -87.5335 -84.9638 -52.1759 4.1665 1.19303 4.2808
589 2 -1.098 -84.8734 -87.7423 -52.2078 0.161458 -1.4027 0.395705
590 1 2.196 -88.5297 -88.4512 -50.7756 1.87815 4.68655 -0.758597
591 1 2.196 -86.0608 -86.3338 -49.102 -1.62169 -2.16143 1.89091
592 2 -1.098 -87.0883 -87.1974 -50.7349 5.23461 2.25416 -9.54706
593 2 -1.098 -89.9893 -89.6684 -50.9286 2.58073 3.31461 0.180525
594 2 -1.098 -87.4968 -84.7339 -49.1454 0.299787 1.82493 3.25205
595 2 -1.098 -84.8593 -87.8307 -49.1387 -4.2307 -4.96429 -1.79645
596 1 2.196 -88.499 -88.6929 -47.7586 0.857919 -1.52642 1.6183
597 1 2.196 -84.8613 -86.6917 -45.834 -4.60734 2.57211 -2.36683
598 2 -1.098 -87.3126 -87.2556 -48.1345 -2.07469 5.82602 -6.88173
599 2 -1.098 -90.0884 -89.8507 -47.737 -0.761371 -3.54526 -7.14843
600 2 -1.098 -86.4219 -86.5795 -44.9913 -1.31278 -0.767756 3.70245
601 2 -1.098 -83.3915 -87.3705 -47.1016 -6.72038 2.38814 -3.41573
602 1 2.196 -88.9832 -89.1136 -44.4854 -0.850286 0.837689 -0.236688
603 2 -1.098 -90.5594 -89.9397 -44.9274 2.75403 -0.113923 -6.92106
604 1 2.196 -88.7604 -83.7489 -69.2807 -2.1305 -3.52859 -1.16646
605 2 -1.098 -90.6461 -83.96 -69.7739 2.46087 2.29298 -4.79632
606 2 -1.098 -86.2136 -83.9975 -66.7834 3.04554 -2.27588 -10.1565
607 1 2.196 -87.803 -83.8287 -65.7572 1.4632 3.25919 3.37825
608 1 2.196 -86.1651 -81.2903 -64.2813 0.18299 0.284505 0.667878
609 2 -1.098 -87.1356 -81.9362 -65.843 2.42472 4.1693 -4.70195
610 2 -1.098 -89.3918 -85.2385 -65.6596 -0.607588 0.704076 -0.976741
611 2 -1.098 -87.3401 -79.8109 -63.8905 4.28896 -3.57991 5.39964
612 2 -1.098 -85.0501 -82.9463 -64.4623 4.80032 -5.39633 0.492682
613 1 2.196 -88.3126 -83.7632 -62.8121 -4.70655 0.687095 -0.305802
614 1 2.196 -86.0898 -81.5444 -61.2817 1.24004 -2.76268 2.35908
615 2 -1.098 -87.017 -82.3219 -62.8294 0.83634 1.22689 -2.78325
616 2 -1.098 -89.7494 -85.1558 -62.7831 -2.80785 6.44075 -3.68347
617 2 -1.098 -87.5437 -80.3814 -61.1447 -1.11145 5.85314 -1.99638
618 2 -1.098 -84.957 -83.0181 -61.2524 -4.0097 1.91835 0.378913
619 1 2.196 -88.3256 -83.8114 -59.713 0.897662 -0.871111 1.60822
620 1 2.196 -86.0867 -81.6064 -58.3137 3.20592 -1.10986 -0.0537792
621 2 -1.098 -87.0351 -82.4417 -59.7294 -1.31439 -1.3775 -1.60832
622 2 -1.098 -89.6066 -85.2176 -59.7791 -3.40893 1.80028 -2.21101
623 2 -1.098 -87.3425 -80.0926 -58.1911 2.5466 1.16778 -5.55607
624 2 -1.098 -84.7881 -83.0088 -58.2557 0.0162427 9.29219 -5.65402
625 1 2.196 -88.3093 -83.9367 -56.7976 2.18842 0.487957 -4.66918
626 1 2.196 -86.1345 -81.7287 -55.2611 1.44645 0.148552 -0.629184
627 2 -1.098 -87.0069 -82.5874 -56.8142 0.387034 3.90281 -1.65828
628 2 -1.098 -89.7887 -85.1306 -56.8338 -0.048077 -1.7932 0.994945
629 2 -1.098 -87.5941 -80.5254 -55.2765 -2.34574 0.426744 -1.52936
630 2 -1.098 -84.8447 -83.0566 -55.1762 6.57963 -0.48529 -8.89182
631 1 2.196 -88.3245 -83.9123 -53.7191 0.0378276 4.53418 -0.451985
632 1 2.196 -86.0804 -81.7238 -52.1209 -2.60036 0.733519 1.01998
633 2 -1.098 -86.9422 -82.5772 -53.7619 2.45615 4.86469 -2.17517
634 2 -1.098 -89.7551 -85.2613 -53.7234 1.37411 -3.6613 -0.198921
635 2 -1.098 -87.4933 -80.2309 -52.2311 -6.72273 -2.09802 2.05348
636 2 -1.098 -84.9683 -83.2816 -52.121 -5.84042 -1.78829 0.0192354
637 1 2.196 -88.377 -83.9882 -50.787 1.6301 3.5212 2.19808
638 1 2.196 -86.8068 -81.2299 -49.2682 -1.8443 1.01066 1.73942
639 2 -1.098 -87.2741 -82.4699 -50.7515 -4.09685 -2.87782 9.47428
640 2 -1.098 -89.6967 -85.4269 -50.7593 -1.72424 -1.27951 -4.77845
641 2 -1.098 -87.8405 -79.744 -49.5757 -0.750258 -1.23811 0.848248
642 2 -1.098 -83.6785 -84.4275 -48.94 4.17744 -0.103495 2.55482
643 1 2.196 -88.5152 -83.9052 -47.7633 -0.654633 -1.4367 -0.997299
644 2 -1.098 -87.5362 -82.1749 -47.8237 -6.28428 0.17045 3.91549
645 2 -1.098 -90.2247 -84.9153 -47.9435 1.02097 3.2277 -3.24202
646 2 -1.098 -89.5135 -80.7606 -66.2149 -0.0151184 0.585343 -1.817
647 1 2.196 -88.4 -79.355 -62.5211 0.210461 2.26919 -1.31051
648 2 -1.098 -89.6997 -80.6823 -62.8244 -4.49309 6.16305 5.84578
649 2 -1.098 -84.1803 -78.4479 -62.025 -0.0920028 2.90019 -0.629946
650 1 2.196 -87.7818 -79.0551 -59.6727 -0.302834 -2.02412 -2.90013
651 2 -1.098 -86.1798 -78.4714 -60.2812 -2.20567 5.57977 -3.91634
652 2 -1.098 -90.0255 -80.3293 -59.6722 5.97017 -5.43156 -4.5849
653 2 -1.098 -84.238 -78.462 -58.3467 2.19801 4.82678 0.895328
654 1 2.196 -88.1855 -79.3014 -56.672 -2.3274 4.55049 -0.161841
655 2 -1.098 -87.1447 -78.2448 -55.4784 -0.662528 1.65974 -0.533748
656 2 -1.098 -89.8518 -80.5928 -56.9102 5.0205 -0.581481 -4.12289
657 2 -1.098 -83.5989 -79.1967 -55.0451 3.05813 11.601 -8.42991
658 1 2.196 -88.1354 -79.3044 -53.9902 0.144014 1.40471 -1.70196
659 2 -1.098 -89.0691 -78.4108 -52.64 0.93053 -0.826035 5.43817
660 2 -1.098 -89.7195 -80.7897 -53.7666 3.58693 -2.28609 3.69924
661 1 2.196 -88.9744 -79.1251 -50.9108 -1.87764 -3.75996 1.44465
662 2 -1.098 -89.863 -80.8074 -50.6954 -11.2319 3.15271 1.21544
663 2 -1.098 -85.2437 -98.6631 -66.2149 5.84692 -2.04219 4.808
664 2 -1.098 -84.0417 -98.8947 -61.3193 -3.9106 2.10232 6.26547
665 2 -1.098 -84.1877 -98.8576 -58.1105 4.81295 0.915458 -1.14467
666 2 -1.098 -83.0409 -98.0667 -55.1325 1.3371 -2.05865 -1.94647
667 2 -1.098 -82.9277 -98.1346 -52.5311 3.07484 1.89526 -2.019
668 2 -1.098 -83.1634 -92.6505 -69.0547 2.01179 3.05577 5.39448
669 1 2.196 -85.113 -96.8266 -66.7706 -0.191679 -4.65078 2.08471
670 1 2.196 -82.4785 -95.3064 -65.0934 1.20737 -0.161581 -0.396689
671 2 -1.098 -83.5392 -96.0271 -66.5568 -1.86163 -5.01685 5.17436
672 2 -1.098 -82.1419 -93.7605 -66.1572 -4.14671 -1.28978 -0.194104
673 1 2.196 -83.8571 -97.5739 -62.6782 2.11233 -1.57087 -2.15794
674 1 2.196 -81.5862 -95.2247 -61.65 -3.81782 -1.87041 1.02822
675 2 -1.098 -84.0656 -94.4542 -64.3419 4.58549 -3.81501 -3.22578
676 2 -1.098 -85.5978 -98.7456 -63.2869 0.446904 -4.29291 -3.30441
677 2 -1.098 -83.1627 -94.0604 -61.4459 1.02164 -5.9184 9.57207
678 2 -1.098 -82.8892 -96.9413 -64.1263 8.05376 5.35601 8.6686
679 1 2.196 -84.1948 -97.6809 -59.7334 -0.81158 1.97816 -1.5171
680 1 2.196 -81.8556 -95.3275 -58.2635 -1.30246 -4.36994 3.04026
681 2 -1.098 -82.6099 -96.8773 -59.125 -2.72937 4.96611 -2.87491
682 2 -1.098 -85.9058 -98.6868 -59.7123 -5.33759 -5.65462 -2.81353
683 2 -1.098 -83.0815 -93.9248 -58.2381 4.01942 -4.63101 -0.558957
684 2 -1.098 -82.5206 -96.8174 -61.6897 -2.40766 -2.03905 -6.67198
685 1 2.196 -84.0114 -97.4929 -56.6994 0.345718 -0.662103 -1.71781
686 1 2.196 -81.7218 -95.1503 -55.2274 1.08101 -0.0445935 -4.91117
687 2 -1.098 -82.7587 -96.0531 -56.6943 -3.67632 -1.05557 -2.30735
688 2 -1.098 -85.5028 -98.73 -56.2705 -1.79237 -4.75313 -3.35249
689 2 -1.098 -82.9111 -93.6451 -55.292 -3.29564 -5.96143 -3.12386
690 2 -1.098 -80.754 -96.7472 -55.0727 -2.35489 -3.47432 -1.04287
691 1 2.196 -84.2524 -97.2478 -53.7356 2.2752 0.551876 2.91428
692 1 2.196 -81.5319 -97.7442 -53.8056 -4.85816 0.229732 -0.218392
693 2 -1.098 -82.7858 -95.9695 -53.6454 -11.4151 -3.77738 2.03361
694 2 -1.098 -85.4234 -98.7232 -53.5441 2.28477 -0.951067 8.19015
695 2 -1.098 -82.9959 -93.7514 -52.2253 -5.87515 -3.09841 6.63881
696 2 -1.098 -80.789 -96.8159 -52.295 -3.25321 -8.20926 2.50079
697 1 2.196 -83.7607 -97.5845 -50.9053 -1.62975 -0.225156 -0.02522
698 1 2.196 -81.6936 -95.1802 -51.9816 -0.986862 2.01191 3.8584
699 2 -1.098 -82.8425 -95.9808 -50.5676 1.13419 1.53919 -4.41797
700 2 -1.098 -84.7427 -99.148 -50.843 -4.40735 -0.276759 1.408
701 2 -1.098 -82.9686 -93.6431 -49.4249 -0.916416 -3.21106 -6.43718
702 1 2.196 -84.8029 -91.9182 -69.4278 0.547791 1.63838 0.0801921
703 1 2.196 -81.8088 -88.9198 -66.0005 3.51744 -2.36593 -2.96699
704 2 -1.098 -85.8695 -93.4134 -69.5002 -3.96005 -3.84259 5.86423
705 2 -1.098 -82.1826 -88.9864 -67.8808 6.08636 0.359577 -2.44298
706 1 2.196 -82.7987 -92.4091 -67.2435 -2.85094 2.71231 1.45667
707 1 2.196 -81.4373 -91.0817 -64.3492 1.78593 2.37909 2.15264
708 2 -1.098 -82.1367 -91.0131 -66.1459 2.68936 -0.980029 0.270235
709 2 -1.098 -86.2848 -94.6522 -66.3095 3.41181 -7.91875 -6.30613
710 2 -1.098 -82.6284 -89.3895 -64.2701 3.03645 3.27816 6.11548
711 2 -1.098 -80.262 -92.4282 -64.3987 -0.252847 -7.27048 2.2307
712 1 2.196 -84.0723 -93.1055 -62.8685 -3.75739 4.02028 -0.42403
713 1 2.196 -81.7423 -91.1397 -61.3294 0.260376 1.47178 -1.68455
714 2 -1.098 -82.5862 -91.9382 -63.0179 0.602711 6.77295 4.99931
715 2 -1.098 -85.5156 -94.3114 -62.5678 -3.8947 -0.725808 -0.777628
716 2 -1.098 -82.96 -89.5162 -61.2717 -4.0764 5.90774 0.966695
717 2 -1.098 -80.5503 -92.7678 -61.5845 4.66723 3.39695 0.518967
718 1 2.196 -83.9613 -93.1403 -59.7721 -2.27316 4.12877 -0.70928
719 1 2.196 -81.742 -90.9143 -58.3054 0.205892 -3.24507 -1.50331
720 2 -1.098 -82.6276 -91.7799 -59.8094 -5.27162 5.10774 -7.52111
721 2 -1.098 -85.3135 -94.4881 -59.6957 0.880254 -1.53212 -4.69647
722 2 -1.098 -83.0926 -89.5124 -58.3339 -1.29358 -1.62554 1.98481
723 2 -1.098 -80.3361 -92.2133 -58.2698 -4.00282 -4.68027 -1.1435
724 1 2.196 -84.0426 -92.9811 -56.7607 0.914114 2.18296 0.201629
725 1 2.196 -81.6202 -90.5605 -55.3692 -2.79503 3.67393 1.07592
726 2 -1.098 -82.6375 -91.638 -56.7633 3.20301 4.63787 -2.08594
727 2 -1.098 -85.4191 -94.2377 -56.6295 0.0356047 -8.23871 -2.38497
728 2 -1.098 -83.0868 -89.2941 -55.3601 8.08609 0.393484 -0.696895
729 2 -1.098 -80.068 -91.7889 -55.0958 -0.0916477 1.33416 -1.27483
730 1 2.196 -83.8933 -92.8642 -53.7936 2.37455 -2.75481 1.68888
731 1 2.196 -81.5224 -90.4891 -52.3598 1.54127 -2.84611 5.22659
732 2 -1.098 -82.468 -91.4759 -53.8344 3.14148 -0.747726 -8.46557
733 2 -1.098 -85.244 -94.3197 -53.6234 3.08126 3.6861 -1.74063
734 2 -1.098 -83.0166 -89.3447 -52.3567 1.60142 -4.44139 -1.25369
735 2 -1.098 -80.177 -91.9857 -52.1781 -4.47361 4.31587 3.76223
736 1 2.196 -83.8088 -92.6145 -50.8764 0.796841 1.74766 2.5193
737 1 2.196 -81.0231 -89.913 -49.1661 0.743255 0.831004 0.969598
738 2 -1.098 -82.1695 -91.5784 -50.9265 -5.12942 2.90854 -7.02937
739 2 -1.098 -85.1682 -94.2972 -50.6593 -8.39556 3.71687 -3.40972
740 2 -1.098 -82.9323 -89.4362 -49.3319 -3.9295 -8.09162 7.99775
741 2 -1.098 -81.4736 -91.7765 -48.671 1.32918 -0.586583 8.46225
742 1 2.196 -83.2848 -92.3247 -48.0211 -0.462807 0.540613 -0.312426
743 2 -1.098 -83.3974 -90.7512 -47.0784 2.44566 1.43409 -5.53023
744 2 -1.098 -84.3574 -93.9095 -47.5217 3.57708 7.69559 1.76312
745 2 -1.098 -80.7168 -88.2075 -48.6241 1.99861 1.47113 -3.25711
746 1 2.196 -83.6929 -88.4294 -68.9897 1.847 -1.25117 4.35621
747 2 -1.098 -84.2726 -90.083 -69.6447 -3.4025 0.475239 -2.48212
748 2 -1.098 -84.3326 -86.6888 -69.4511 1.67763 -7.01655 3.78829
749 1 2.196 -84.8537 -87.7768 -65.9021 0.552623 2.15121 0.891821
750 1 2.196 -81.9618 -86.0318 -64.4651 -3.52171 1.62971 3.96
751 2 -1.098 -82.8285 -87.3867 -65.706 0.524405 -7.40242 -0.69576
752 2 -1.098 -85.3784 -89.6495 -65.4898 -3.49853 3.07168 -0.906441
753 2 -1.098 -83.245 -84.5662 -64.5171 -1.78797 -9.00739 1.03458
754 2 -1.098 -80.5128 -87.3343 -64.2206 -5.9301 1.21778 -3.90291
755 1 2.196 -83.8249 -88.6395 -62.855 3.00829 -1.56194 -1.99881
756 1 2.196 -81.9324 -86.2226 -61.3052 2.94526 -1.04262 -2.71615
757 2 -1.098 -82.7058 -87.0455 -62.8776 1.38656 8.31185 5.26689
758 2 -1.098 -85.2117 -90.033 -62.6885 -4.70529 4.50864 1.69162
759 2 -1.098 -83.1579 -84.9002 -61.3118 3.54042 0.40334 -3.25614
760 2 -1.098 -80.5747 -87.5757 -61.433 -0.210521 2.77078 -4.13312
761 1 2.196 -83.958 -88.6301 -59.8395 -2.46432 2.95397 1.35954
762 1 2.196 -81.7209 -86.1915 -58.3585 1.90835 -0.94934 -1.20794
763 2 -1.098 -82.649 -87.2492 -59.6825 -0.954314 6.59394 2.75098
764 2 -1.098 -85.3301 -89.9319 -59.8296 0.893248 0.344134 -4.24015
765 2 -1.098 -83.0378 -84.7791 -58.2672 -1.30799 -0.0512496 2.47242
766 2 -1.098 -80.2572 -87.4429 -58.4243 3.09518 1.38292 7.27097
767 1 2.196 -84.0074 -88.4216 -56.8364 -2.9479 3.34736 -0.224844
768 1 2.196 -81.6855 -86.2179 -55.4351 -2.50679 -4.31231 0.668917
769 2 -1.098 -82.5784 -87.0419 -56.8754 4.62018 4.42347 -5.31819
770 2 -1.098 -85.4316 -89.7801 -56.7892 3.419 10.4021 1.50311
771 2 -1.098 -82.9979 -84.8037 -55.2948 0.855507 1.17511 2.9159
772 2 -1.098 -80.5501 -87.7876 -55.5264 5.4619 1.83156 -5.28184
773 1 2.196 -83.9027 -88.373 -53.7781 1.99193 0.482294 -2.80716
774 1 2.196 -81.4563 -86.2154 -52.3021 1.34384 0.864587 -1.63454
775 2 -1.098 -82.4874 -87.1553 -53.8238 5.14007 1.33764 3.06948
776 2 -1.098 -85.2355 -89.8516 -53.8848 -2.34649 1.11017 -0.402381
777 2 -1.098 -83.0165 -84.8746 -52.3528 -6.05809 2.70014 1.92577
778 2 -1.098 -79.9041 -87.3616 -52.6676 2.09889 -4.4767 4.21554
779 1 2.196 -83.8503 -88.4734 -50.728 1.84066 -0.170397 1.86986
780 1 2.196 -80.2534 -86.397 -49.2246 0.487155 1.58973 2.40709
781 2 -1.098 -82.484 -87.2125 -50.9912 -1.76082 -3.71671 1.51511
782 2 -1.098 -85.3336 -89.9153 -50.7621 5.01235 -6.63188 -3.75097
783 2 -1.098 -81.271 -85.5131 -48.0175 1.82124 -4.19907 -5.78743
784 2 -1.098 -78.7494 -87.2262 -49.9552 0.306292 0.697378 -3.82788
785 1 2.196 -84.065 -88.9728 -47.6887 -0.449757 0.298046 -0.578657
786 2 -1.098 -83.5408 -85.3638 -45.6244 -11.2658 -4.81052 1.48061
787 2 -1.098 -85.6805 -90.0445 -47.8274 7.21489 -0.260926 -1.04478
788 2 -1.098 -86.916 -84.2168 -69.548 0.251848 -0.399052 -2.33892
789 1 2.196 -84.4925 -84.0995 -65.9565 -0.766721 -0.29954 -4.49486
790 2 -1.098 -84.062 -84.4628 -67.7346 4.09274 -4.59268 -2.48943
791 2 -1.098 -85.0197 -85.8911 -65.6124 3.38291 -3.34545 -3.17114
792 1 2.196 -83.8855 -83.8095 -62.8401 2.44393 1.64773 3.5568
793 1 2.196 -81.2757 -81.2285 -62.6085 1.59729 1.45073 -0.749014
794 2 -1.098 -82.6276 -82.4957 -62.775 4.40906 5.99027 -0.0622197
795 2 -1.098 -85.2597 -85.2784 -62.8382 5.17855 -1.75152 2.66923
796 2 -1.098 -82.1755 -79.8283 -63.4591 -5.29672 1.93538 2.5676
797 2 -1.098 -80.0756 -82.3088 -63.4938 -6.84616 -5.82286 -4.48331
798 1 2.196 -83.8876 -83.77 -59.807 -1.29993 1.24863 -2.84345
799 1 2.196 -81.5642 -81.0421 -59.2265 2.31545 -0.0429615 1.45439
800 2 -1.098 -82.4949 -82.5192 -59.6259 -6.25113 0.976306 0.153007
801 2 -1.098 -85.197 -85.2575 -59.7275 -2.74345 -1.62513 6.84693
802 2 -1.098 -82.694 -79.7124 -59.9758 3.31489 1.11508 -4.4611
803 2 -1.098 -80.3595 -81.8853 -57.8646 2.41037 -1.13309 0.988051
804 1 2.196 -83.8554 -83.8769 -56.7835 1.40784 -0.726014 0.556477
805 1 2.196 -81.3056 -81.3036 -56.2302 2.46509 0.0152995 -2.44977
806 2 -1.098 -82.8207 -82.3808 -56.5816 1.28039 -3.10923 -0.383903
807 2 -1.098 -85.2473 -85.2698 -56.7864 5.79196 4.46547 3.32068
808 2 -1.098 -81.6097 -80.5878 -54.5601 -0.201623 -8.72065 -1.61173
809 2 -1.098 -80.2443 -82.6721 -55.5412 0.488324 1.03223 8.77985
810 1 2.196 -83.9019 -83.9526 -53.7723 -0.160295 -1.4249 2.67613
811 1 2.196 -81.4965 -81.9059 -52.0206 -0.0894978 4.6145 -0.906043
812 2 -1.098 -82.944 -82.3238 -53.2318 -1.85806 -3.16177 -0.983534
813 2 -1.098 -85.2736 -85.325 -53.8121 1.5177 2.94122 -3.67927
814 2 -1.098 -82.1827 -80.2583 -52.0503 2.92747 -0.314191 -3.94235
815 2 -1.098 -80.0163 -82.6148 -52.7886 0.0635342 -8.61598 -1.98585
816 1 2.196 -83.8111 -84.1521 -50.7373 2.3042 2.45953 0.984909
817 2 -1.098 -82.3204 -83.0098 -50.8362 3.00765 4.56725 3.41907
818 2 -1.098 -85.2429 -85.4821 -50.6885 -2.29548 -2.12239 -5.34819
819 1 2.196 -83.0473 -85.3847 -47.4472 1.15121 3.63212 -3.8444
820 2 -1.098 -85.3078 -85.8589 -47.4289 1.58468 -2.61749 1.0772
821 2 -1.098 -84.8883 -80.0155 -64.9634 -5.25867 2.62536 4.05215
822 1 2.196 -83.9387 -79.3299 -63.5412 -3.37384 -2.2075 -2.33537
823 2 -1.098 -85.0669 -80.7187 -62.6439 1.91618 -7.39141 0.178909
824 1 2.196 -84.3529 -78.8938 -60.1952 1.59007 1.39512 0.115641
825 2 -1.098 -85.1769 -80.707 -59.7555 -7.86537 1.81429 1.75691
826 1 2.196 -83.7964 -79.5008 -56.8437 -2.28511 1.88147 0.492672
827 2 -1.098 -85.1306 -80.8164 -56.7986 4.94897 -0.835841 -4.26346
828 1 2.196 -83.3252 -80.2606 -53.5561 1.90746 -3.49527 4.32108
829 2 -1.098 -85.1791 -80.7686 -53.5569 -0.0665564 -1.89848 1.23689
830 2 -1.098 -85.3742 -81.07 -50.492 5.07225 -0.310554 11.9591
831 2 -1.098 -79.657 -95.1101 -61.82 0.327407 2.44642 -5.40388
832 2 -1.098 -78.6615 -94.5095 -58.9116 -1.84324 -5.83151 0.850481
833 2 -1.098 -78.682 -93.5393 -55.4569 3.25642 4.55515 -7.87168
834 1 2.196 -79.8093 -93.5711 -63.1171 -1.7224 1.62821 0.891668
835 2 -1.098 -78.1181 -93.4135 -62.4034 6.34193 0.320284 1.23044
836 2 -1.098 -81.3798 -94.7413 -63.5452 4.55166 4.32279 4.50903
837 2 -1.098 -78.6044 -88.8532 -61.7702 2.49535 7.30829 5.09693
838 1 2.196 -78.6586 -93.8714 -60.6406 -1.89834 2.9808 1.57337
839 1 2.196 -78.9057 -90.9717 -58.8321 4.73537 0.910019 -3.61095
840 2 -1.098 -78.2693 -92.1932 -59.9754 4.02147 2.77909 -0.313492
841 2 -1.098 -81.1655 -94.8088 -59.8345 -0.833448 4.84823 1.25884
842 2 -1.098 -78.6174 -89.1941 -58.5094 5.16112 3.91189 0.145205
843 1 2.196 -79.1316 -93.6636 -57.2976 4.17517 -0.883072 0.228334
844 1 2.196 -78.1646 -91.4255 -55.41 4.28282 -0.747395 -0.300014
845 2 -1.098 -78.1315 -91.848 -57.2997 -10.5696 5.93838 2.80778
846 2 -1.098 -80.7062 -94.6186 -56.8782 -0.392576 -5.65344 -2.49449
847 2 -1.098 -78.4645 -89.5702 -55.7586 3.21781 3.93619 4.11964
848 1 2.196 -79.5207 -93.077 -53.7399 0.574469 -1.04125 -1.62135
849 2 -1.098 -77.9317 -92.0771 -53.6694 1.40421 -5.47856 -4.71075
850 2 -1.098 -80.811 -94.4224 -53.67 8.9029 5.34083 1.25386
851 2 -1.098 -79.4542 -91.021 -49.5912 2.14015 -4.7631 -1.00276
852 1 2.196 -80.476 -92.4426 -50.2444 3.892 -4.45208 2.63672
853 2 -1.098 -80.5426 -94.1898 -50.8734 -0.383516 -3.20873 -2.47211
854 2 -1.098 -80.2507 -89.5816 -64.9944 3.55376 0.628383 -0.509374
855 1 2.196 -79.909 -88.7153 -63.1311 1.18325 -1.84974 3.74115
856 2 -1.098 -80.7282 -90.255 -62.6225 2.47134 11.0051 5.99228
857 2 -1.098 -78.632 -84.299 -62.0831 -1.75334 1.07462 2.67736
858 1 2.196 -79.2874 -88.2074 -60.0892 -2.05442 -0.678402 1.34341
859 2 -1.098 -78.3657 -86.557 -60.0033 2.27684 1.22447 0.0168587
860 2 -1.098 -80.4417 -90.1769 -59.7869 -4.37608 -4.93608 -0.693552
861 2 -1.098 -78.7849 -83.9451 -58.801 3.48101 4.69938 -0.800521
862 1 2.196 -79.2958 -88.2919 -56.9645 -3.75863 -3.42804 -2.02081
863 2 -1.098 -78.369 -87.2867 -55.625 -2.83354 -0.363857 4.26669
864 2 -1.098 -80.6439 -89.9485 -56.9564 -2.12657 -0.876216 0.541574
865 2 -1.098 -78.4565 -84.0133 -55.634 2.5738 0.621638 -5.33023
866 1 2.196 -79.2229 -88.3029 -54.2983 -2.65762 -1.96667 1.27126
867 2 -1.098 -78.2559 -89.0405 -52.8618 -0.715902 -5.11853 -0.883336
868 2 -1.098 -80.645 -89.752 -53.8854 -4.98925 -2.39042 0.152579
869 1 2.196 -79.0048 -88.391 -51.3534 -1.19666 0.48617 -2.94248
870 2 -1.098 -80.5886 -89.4741 -50.9666 -0.0622735 3.62073 1.81877
871 2 -1.098 -80.5481 -84.8292 -65.0061 -8.72813 -6.79682 1.05335
872 1 2.196 -79.7502 -84.0705 -63.5135 -3.69302 2.95706 4.07175
873 2 -1.098 -81.113 -85.1165 -62.6829 -10.3959 -5.37258 4.60385
874 1 2.196 -78.9124 -84.863 -60.3017 2.91555 -4.72911 2.90094
875 2 -1.098 -80.7624 -85.4578 -59.9054 -0.576407 -0.488409 4.35018
876 1 2.196 -79.5125 -83.5932 -57.1628 -0.336952 0.626128 -3.01894
877 2 -1.098 -80.7413 -85.1551 -56.8771 7.39733 -1.68389 -2.85579
878 1 2.196 -79.5661 -83.7903 -54.164 2.25472 1.53212 -1.11638
879 2 -1.098 -80.757 -85.2822 -53.9449 -0.297551 -8.3459 0.703632
880 2 -1.098 -80.6254 -85.6028 -50.8334 0.806616 1.53599 -3.14873
881 2 -1.098 -80.6592 -81.1277 -60.8298 -4.19078 4.67257 -1.01825
882 2 -1.098 -82.0976 -80.1199 -57.4313 1.79786 -1.7679 2.43386
