0.6	0.6	4.954684116254931e-15	200
0.6	0.6	4.927906007966298e-15	210
0.6	0.6	4.9029483337669016e-15	220
0.6	0.6	4.879651067815031e-15	230
0.6	0.6	4.857870504862906e-15	240
0.6	0.6	4.837477544223269e-15	250
0.6	0.6	4.818356074294401e-15	260
0.6	0.6	4.800401485630483e-15	270
0.6	0.6	4.7835193237683446e-15	280
0.6	0.6	4.767624082482995e-15	290
0.6	0.6	4.752638131904345e-15	300
0.6	0.6	4.738490772531668e-15	310
0.6	0.6	4.725117404598429e-15	320
0.6	0.6	4.712458801767207e-15	330
0.6	0.6	4.700460478312286e-15	340
0.6	0.6	4.68907213948373e-15	350
0.6	0.6	4.678247205461576e-15	360
0.6	0.6	4.667942400095716e-15	370
0.6	0.6	4.658117396424473e-15	380
0.6	0.6	4.6487345117402785e-15	390
0.6	0.6	4.639758445707047e-15	400
0.6	0.6	4.6311560557231914e-15	410
0.6	0.6	4.6228961643640394e-15	420
0.6	0.6	4.614949394327604e-15	430
0.6	0.6	4.60728802684904e-15	440
0.6	0.6	4.5998858800436996e-15	450
0.6	0.6	4.592718204088087e-15	460
0.6	0.6	4.585761590554527e-15	470
0.6	0.6	4.5789938935810625e-15	480
0.6	0.6	4.572394160885537e-15	490
0.6	0.6	4.565942572924012e-15	500
0.6	0.6	4.5596203887515855e-15	510
0.6	0.6	4.553409897370438e-15	520
0.6	0.6	4.547294373548286e-15	530
0.6	0.6	4.5412580372629054e-15	540
0.6	0.6	4.535286016077237e-15	550
0.6	0.6	4.5293643098774985e-15	560
0.6	0.6	4.523479757515721e-15	570
0.6	0.6	4.517620004990443e-15	580
0.6	0.6	4.5117734748769145e-15	590
0.6	0.6	4.505929336782876e-15	600
0.6	0.6	4.500077478659571e-15	610
0.6	0.6	4.4942084788415084e-15	620
0.6	0.6	4.488313578724102e-15	630
0.6	0.6	4.4823846560167976e-15	640
0.6	0.6	4.4764141985318665e-15	650
0.6	0.6	4.470395278486534e-15	660
0.6	0.6	4.464321527309305e-15	670
0.6	0.6	4.458187110951313e-15	680
0.6	0.6	4.451986705710311e-15	690
0.6	0.6	4.445715474579645e-15	700
0.6	0.6	4.439369044137321e-15	710
0.6	0.6	4.4329434819914746e-15	720
0.6	0.6	4.426435274798879e-15	730
0.6	0.6	4.419841306872204e-15	740
0.6	0.6	4.413158839390519e-15	750
0.6	0.6	4.406385490225648e-15	760
0.6	0.6	4.399519214394833e-15	770
0.6	0.6	4.392558285147824e-15	780
0.6	0.6	4.385501275694193e-15	790
0.6	0.6	4.3783470415741116e-15	800
0.6	0.6	4.371094703673569e-15	810
0.6	0.6	4.363743631882683e-15	820
0.6	0.6	4.3562934293935835e-15	830
0.6	0.6	4.348743917632378e-15	840
0.6	0.6	4.341095121817866e-15	850
0.6	0.6	4.333347257137984e-15	860
0.6	0.6	4.325500715533463e-15	870
0.6	0.6	4.31755605307692e-15	880
0.6	0.6	4.309513977934379e-15	890
0.6	0.6	4.301375338895291e-15	900
0.6	0.6	4.293141114456311e-15	910
0.6	0.6	4.284812402443333e-15	920
0.6	0.6	4.276390410155841e-15	930
0.6	0.6	4.2678764450171625e-15	940
0.6	0.6	4.259271905713923e-15	950
0.6	0.6	4.250578273807827e-15	960
0.6	0.6	4.241797105802802e-15	970
0.6	0.6	4.2329300256504875e-15	980
0.6	0.6	4.223978717677196e-15	990
0.6	0.6	4.214944919915518e-15	1000
0.6	0.6	4.205830417824066e-15	1010
0.6	0.6	4.1966370383789406e-15	1020
0.6	0.6	4.187366644520955e-15	1030
0.6	0.6	4.1780211299428594e-15	1040
0.6	0.6	4.1686024142012565e-15	1050
0.6	0.6	4.159112438138248e-15	1060
0.6	0.6	4.149553159598243e-15	1070
0.6	0.6	4.139926549425827e-15	1080
0.6	0.6	4.130234587731052e-15	1090
0.6	0.6	4.120479260408837e-15	1100
0.6	0.6	4.110662555899776e-15	1110
0.6	0.6	4.100786462179997e-15	1120
0.6	0.6	4.090852963968196e-15	1130
0.6	0.6	4.0808640401384994e-15	1140
0.6	0.6	4.070821661328107e-15	1150
0.6	0.6	4.060727787729256e-15	1160
0.6	0.6	4.050584367055443e-15	1170
0.6	0.6	4.040393332672196e-15	1180
0.6	0.6	4.030156601883222e-15	1190
0.6	0.6	4.019876074363066e-15	1200
0.6	0.6	4.0095536307279285e-15	1210
0.6	0.6	3.999191131236516e-15	1220
0.6	0.6	3.988790414613364e-15	1230
0.6	0.6	3.978353296987247e-15	1240
0.6	0.6	3.967881570937827e-15	1250
0.6	0.6	3.957377004643861e-15	1260
0.6	0.6	3.946841341126736e-15	1270
0.6	0.6	3.936276297583353e-15	1280
0.6	0.6	3.925683564802735e-15	1290
0.6	0.6	3.915064806660927e-15	1300
0.6	0.6	3.904421659689167e-15	1310
0.6	0.6	3.8937557327104815e-15	1320
0.6	0.6	3.883068606540121e-15	1330
0.6	0.6	3.872361833745546e-15	1340
0.6	0.6	3.861636938461851e-15	1350
0.6	0.6	3.8508954162587825e-15	1360
0.6	0.6	3.8401387340556905e-15	1370
0.6	0.6	3.829368330080944e-15	1380
0.6	0.6	3.81858561387261e-15	1390
0.6	0.6	3.807791966317255e-15	1400
0.6	0.6	3.796988739724035e-15	1410
0.6	0.6	3.786177257931305e-15	1420
0.6	0.6	3.775358816443205e-15	1430
0.6	0.6	3.764534682593767e-15	1440
0.6	0.6	3.753706095736302e-15	1450
0.6	0.6	3.742874267455925e-15	1460
0.6	0.6	3.7320403818031535e-15	1470
0.6	0.6	3.721205595546767e-15	1480
0.6	0.6	3.710371038444091e-15	1490
0.6	0.6	3.699537813527063e-15	1500
0.6	0.6	3.688706997402511e-15	1510
0.6	0.6	3.6778796405652194e-15	1520
0.6	0.6	3.667056767722328e-15	1530
0.6	0.6	3.6562393781278806e-15	1540
0.6	0.6	3.645428445926242e-15	1550
0.6	0.6	3.6346249205033065e-15	1560
0.6	0.6	3.623829726844463e-15	1570
0.6	0.6	3.613043765898265e-15	1580
0.6	0.6	3.602267914945002e-15	1590
0.6	0.8	4.1875689035279766e-15	200
0.6	0.8	4.165978530971303e-15	210
0.6	0.8	4.1453057953008434e-15	220
0.6	0.8	4.125523155746641e-15	230
0.6	0.8	4.106599737672936e-15	240
0.6	0.8	4.088502412342465e-15	250
0.6	0.8	4.071196719186045e-15	260
0.6	0.8	4.054647619914521e-15	270
0.6	0.8	4.038820094520875e-15	280
0.6	0.8	4.023679598117442e-15	290
0.6	0.8	4.009192400128339e-15	300
0.6	0.8	3.995325826737191e-15	310
0.6	0.8	3.982048425415947e-15	320
0.6	0.8	3.969330067775146e-15	330
0.6	0.8	3.957142004363748e-15	340
0.6	0.8	3.945456882640397e-15	350
0.6	0.8	3.934248737228048e-15	360
0.6	0.8	3.923492959770313e-15	370
0.6	0.8	3.913166254212516e-15	380
0.6	0.8	3.903246582100912e-15	390
0.6	0.8	3.893713101492279e-15	400
0.6	0.8	3.8845461022564375e-15	410
0.6	0.8	3.8757269399035485e-15	420
0.6	0.8	3.867237969546833e-15	430
0.6	0.8	3.8590624811964555e-15	440
0.6	0.8	3.851184637250491e-15	450
0.6	0.8	3.843589412788468e-15	460
0.6	0.8	3.836262539068224e-15	470
0.6	0.8	3.82919045046652e-15	480
0.6	0.8	3.8223602349798975e-15	490
0.6	0.8	3.815759588307019e-15	500
0.6	0.8	3.809376771461528e-15	510
0.6	0.8	3.803200571811203e-15	520
0.6	0.8	3.797220267400329e-15	530
0.6	0.8	3.791425594385623e-15	540
0.6	0.8	3.785806717398465e-15	550
0.6	0.8	3.780354202636443e-15	560
0.6	0.8	3.775058993483e-15	570
0.6	0.8	3.769912388454397e-15	580
0.6	0.8	3.764906021277085e-15	590
0.6	0.8	3.760031842905004e-15	600
0.6	0.8	3.7552821052947265e-15	610
0.6	0.8	3.7506493467659366e-15	620
0.6	0.8	3.7461263787853245e-15	630
0.6	0.8	3.7417062740228866e-15	640
0.6	0.8	3.737382355540939e-15	650
0.6	0.8	3.733148186987175e-15	660
0.6	0.8	3.728997563674132e-15	670
0.6	0.8	3.724924504438014e-15	680
0.6	0.8	3.720923244179903e-15	690
0.6	0.8	3.71698822700215e-15	700
0.6	0.8	3.7131140998616e-15	710
0.6	0.8	3.709295706669985e-15	720
0.6	0.8	3.705528082779491e-15	730
0.6	0.8	3.701806449798916e-15	740
0.6	0.8	3.698126210692291e-15	750
0.6	0.8	3.694482945118173e-15	760
0.6	0.8	3.690872404973084e-15	770
0.6	0.8	3.6872905101077126e-15	780
0.6	0.8	3.683733344188904e-15	790
0.6	0.8	3.680197150684563e-15	800
0.6	0.8	3.676678328952101e-15	810
0.6	0.8	3.673173430414213e-15	820
0.6	0.8	3.6696791548087465e-15	830
0.6	0.8	3.666192346501614e-15	840
0.6	0.8	3.662709990854165e-15	850
0.6	0.8	3.65922921063798e-15	860
0.6	0.8	3.6557472624919595e-15	870
0.6	0.8	3.652261533417757e-15	880
0.6	0.8	3.648769537310863e-15	890
0.6	0.8	3.6452689115256116e-15	900
0.6	0.8	3.6417574134733024e-15	910
0.6	0.8	3.638232917253096e-15	920
0.6	0.8	3.634693410316202e-15	930
0.6	0.8	3.6311369901639725e-15	940
0.6	0.8	3.6275618610812e-15	950
0.6	0.8	3.623966330905926e-15	960
0.6	0.8	3.620348807837319e-15	970
0.6	0.8	3.616707797283434e-15	980
0.6	0.8	3.6130418987504906e-15	990
0.6	0.8	3.609349802775588e-15	1000
0.6	0.8	3.605630287904525e-15	1010
0.6	0.8	3.601882217716564e-15	1020
0.6	0.8	3.5981045378977454e-15	1030
0.6	0.8	3.59429627336432e-15	1040
0.6	0.8	3.590456525437801e-15	1050
0.6	0.8	3.586584469072967e-15	1060
0.6	0.8	3.58267935014002e-15	1070
0.6	0.8	3.578740482762026e-15	1080
0.6	0.8	3.5747672467085094e-15	1090
0.6	0.8	3.570759084846114e-15	1100
0.6	0.8	3.566715500646903e-15	1110
0.6	0.8	3.562636055754888e-15	1120
0.6	0.8	3.558520367611189e-15	1130
0.6	0.8	3.554368107138057e-15	1140
0.6	0.8	3.550178996481946e-15	1150
0.6	0.8	3.5459528068156555e-15	1160
0.6	0.8	3.541689356199433e-15	1170
0.6	0.8	3.5373885075008645e-15	1180
0.6	0.8	3.533050166373289e-15	1190
0.6	0.8	3.528674279292263e-15	1200
0.6	0.8	3.5242608316497307e-15	1210
0.6	0.8	3.5198098459052174e-15	1220
0.6	0.8	3.5153213797935013e-15	1230
0.6	0.8	3.5107955245880432e-15	1240
0.6	0.8	3.5062324034194104e-15	1250
0.6	0.8	3.501632169647897e-15	1260
0.6	0.8	3.4969950052894444e-15	1270
0.6	0.8	3.492321119494032e-15	1280
0.6	0.8	3.4876107470754857e-15	1290
0.6	0.8	3.4828641470918173e-15	1300
0.6	0.8	3.4780816014750543e-15	1310
0.6	0.8	3.473263413709482e-15	1320
0.6	0.8	3.468409907557364e-15	1330
0.6	0.8	3.463521425830917e-15	1340
0.6	0.8	3.4585983292096025e-15	1350
0.6	0.8	3.4536409951015292e-15	1360
0.6	0.8	3.4486498165479776e-15	1370
0.6	0.8	3.4436252011698318e-15	1380
0.6	0.8	3.438567570154936e-15	1390
0.6	0.8	3.4334773572851786e-15	1400
0.6	0.8	3.42835500800228e-15	1410
0.6	0.8	3.423200978511165e-15	1420
0.6	0.8	3.418015734919845e-15	1430
0.6	0.8	3.4127997524147776e-15	1440
0.6	0.8	3.4075535144705703e-15	1450
0.6	0.8	3.402277512093093e-15	1460
0.6	0.8	3.3969722430948848e-15	1470
0.6	0.8	3.391638211401887e-15	1480
0.6	0.8	3.38627592639048e-15	1490
0.6	0.8	3.380885902253903e-15	1500
0.6	0.8	3.3754686573970247e-15	1510
0.6	0.8	3.3700247138585662e-15	1520
0.6	0.8	3.3645545967598664e-15	1530
0.6	0.8	3.3590588337792508e-15	1540
0.6	0.8	3.3535379546511563e-15	1550
0.6	0.8	3.347992490689139e-15	1560
0.6	0.8	3.3424229743319254e-15	1570
0.6	0.8	3.3368299387116677e-15	1580
0.6	0.8	3.331213917243662e-15	1590
0.6	1.0	2.6375008328266813e-15	200
0.6	1.0	2.628930405021486e-15	210
0.6	1.0	2.620978646873795e-15	220
0.6	1.0	2.6135860350505856e-15	230
0.6	1.0	2.606699563581288e-15	240
0.6	1.0	2.6002718199172154e-15	250
0.6	1.0	2.5942602769836117e-15	260
0.6	1.0	2.5886267263810973e-15	270
0.6	1.0	2.583336807362873e-15	280
0.6	1.0	2.5783596039298104e-15	290
0.6	1.0	2.573667292964049e-15	300
0.6	1.0	2.569234832604379e-15	310
0.6	1.0	2.5650396837858887e-15	320
0.6	1.0	2.561061560068035e-15	330
0.6	1.0	2.557282202187695e-15	340
0.6	1.0	2.553685174569155e-15	350
0.6	1.0	2.5502556815214336e-15	360
0.6	1.0	2.546980401182623e-15	370
0.6	1.0	2.5438473355046933e-15	380
0.6	1.0	2.5408456747516096e-15	390
0.6	1.0	2.5379656751318416e-15	400
0.6	1.0	2.5351985483152914e-15	410
0.6	1.0	2.532536361700815e-15	420
0.6	1.0	2.529971948406761e-15	430
0.6	1.0	2.5274988260547334e-15	440
0.6	1.0	2.5251111235067426e-15	450
0.6	1.0	2.5228035147983625e-15	460
0.6	1.0	2.520571159585502e-15	470
0.6	1.0	2.5184096494905086e-15	480
0.6	1.0	2.5163149597946658e-15	490
0.6	1.0	2.5142834059790214e-15	500
0.6	1.0	2.512311604664863e-15	510
0.6	1.0	2.5103964385487596e-15	520
0.6	1.0	2.508535024966222e-15	530
0.6	1.0	2.506724687752597e-15	540
0.6	1.0	2.504962932100633e-15	550
0.6	1.0	2.5032474221415064e-15	560
0.6	1.0	2.5015759610005433e-15	570
0.6	1.0	2.4999464731006834e-15	580
0.6	1.0	2.498356988506213e-15	590
0.6	1.0	2.4968056291169243e-15	600
0.6	1.0	2.4952905965387176e-15	610
0.6	1.0	2.4938101614709804e-15	620
0.6	1.0	2.492362654464271e-15	630
0.6	1.0	2.490946457913636e-15	640
0.6	1.0	2.489559999164007e-15	650
0.6	1.0	2.48820174461406e-15	660
0.6	1.0	2.486870194714341e-15	670
0.6	1.0	2.485563879763949e-15	680
0.6	1.0	2.4842813564181214e-15	690
0.6	1.0	2.483021204826408e-15	700
0.6	1.0	2.4817820263280113e-15	710
0.6	1.0	2.4805624416372356e-15	720
0.6	1.0	2.47936108945797e-15	730
0.6	1.0	2.478176625471549e-15	740
0.6	1.0	2.477007721647595e-15	750
0.6	1.0	2.475853065832075e-15	760
0.6	1.0	2.4747113615713227e-15	770
0.6	1.0	2.4735813281347987e-15	780
0.6	1.0	2.472461700703176e-15	790
0.6	1.0	2.4713512306918286e-15	800
0.6	1.0	2.470248686183037e-15	810
0.6	1.0	2.469152852443138e-15	820
0.6	1.0	2.4680625325036493e-15	830
0.6	1.0	2.4669765477878356e-15	840
0.6	1.0	2.4658937387664866e-15	850
0.6	1.0	2.4648129656287653e-15	860
0.6	1.0	2.4637331089558804e-15	870
0.6	1.0	2.4626530703870417e-15	880
0.6	1.0	2.4615717732687662e-15	890
0.6	1.0	2.460488163279922e-15	900
0.6	1.0	2.459401209026282e-15	910
0.6	1.0	2.458309902599363e-15	920
0.6	1.0	2.4572132600954973e-15	930
0.6	1.0	2.456110322091818e-15	940
0.6	1.0	2.4550001540767963e-15	950
0.6	1.0	2.4538818468335975e-15	960
0.6	1.0	2.452754516775158e-15	970
0.6	1.0	2.451617306230437e-15	980
0.6	1.0	2.4504693836818314e-15	990
0.6	1.0	2.4493099439540016e-15	1000
0.6	1.0	2.4481382083549117e-15	1010
0.6	1.0	2.4469534247700126e-15	1020
0.6	1.0	2.4457548677108506e-15	1030
0.6	1.0	2.4445418383195576e-15	1040
0.6	1.0	2.443313664330847e-15	1050
0.6	1.0	2.4420696999932907e-15	1060
0.6	1.0	2.440809325951754e-15	1070
0.6	1.0	2.439531949092937e-15	1080
0.6	1.0	2.4382370023560208e-15	1090
0.6	1.0	2.4369239445104738e-15	1100
0.6	1.0	2.435592259903085e-15	1110
0.6	1.0	2.4342414581762487e-15	1120
0.6	1.0	2.432871073959573e-15	1130
0.6	1.0	2.4314806665368147e-15	1140
0.6	1.0	2.430069819490129e-15	1150
0.6	1.0	2.4286381403235555e-15	1160
0.6	1.0	2.427185260067649e-15	1170
0.6	1.0	2.425710832867048e-15	1180
0.6	1.0	2.4242145355527785e-15	1190
0.6	1.0	2.422696067200982e-15	1200
0.6	1.0	2.4211551486796742e-15	1210
0.6	1.0	2.419591522185127e-15	1220
0.6	1.0	2.418004950769352e-15	1230
0.6	1.0	2.4163952178600867e-15	1240
0.6	1.0	2.414762126774645e-15	1250
0.6	1.0	2.4131055002289076e-15	1260
0.6	1.0	2.411425179842607e-15	1270
0.6	1.0	2.4097210256421208e-15	1280
0.6	1.0	2.407992915561751e-15	1290
0.6	1.0	2.4062407449445227e-15	1300
0.6	1.0	2.4044644260434425e-15	1310
0.6	1.0	2.4026638875240543e-15	1320
0.6	1.0	2.4008390739691067e-15	1330
0.6	1.0	2.398989945386079e-15	1340
0.6	1.0	2.3971164767182637e-15	1350
0.6	1.0	2.395218657360004e-15	1360
0.6	1.0	2.3932964906767156e-15	1370
0.6	1.0	2.3913499935301763e-15	1380
0.6	1.0	2.3893791958096024e-15	1390
0.6	1.0	2.3873841399689278e-15	1400
0.6	1.0	2.3853648805706893e-15	1410
0.6	1.0	2.3833214838368644e-15	1420
0.6	1.0	2.3812540272069865e-15	1430
0.6	1.0	2.379162598903816e-15	1440
0.6	1.0	2.377047297506786e-15	1450
0.6	1.0	2.3749082315334763e-15	1460
0.6	1.0	2.3727455190292607e-15	1470
0.6	1.0	2.3705592871652947e-15	1480
0.6	1.0	2.368349671844967e-15	1490
0.6	1.0	2.366116817318918e-15	1500
0.6	1.0	2.363860875808701e-15	1510
0.6	1.0	2.3615820071391325e-15	1520
0.6	1.0	2.359280378379381e-15	1530
0.6	1.0	2.3569561634928073e-15	1540
0.6	1.0	2.354609542995536e-15	1550
0.6	1.0	2.3522407036237825e-15	1560
0.6	1.0	2.3498498380098547e-15	1570
0.6	1.0	2.3474371443668214e-15	1580
0.6	1.0	2.3450028261817735e-15	1590
0.6	1.2	3.1099715080651652e-15	200
0.6	1.2	3.106195461594462e-15	210
0.6	1.2	3.102511102293282e-15	220
0.6	1.2	3.0989373668722824e-15	230
0.6	1.2	3.095487630101096e-15	240
0.6	1.2	3.0921705420285556e-15	250
0.6	1.2	3.088990900173966e-15	260
0.6	1.2	3.0859504674328402e-15	270
0.6	1.2	3.083048693006402e-15	280
0.6	1.2	3.080283321684061e-15	290
0.6	1.2	3.0776508927177667e-15	300
0.6	1.2	3.0751471377805477e-15	310
0.6	1.2	3.0727672910840563e-15	320
0.6	1.2	3.0705063255844475e-15	330
0.6	1.2	3.0683591285680287e-15	340
0.6	1.2	3.066320628538694e-15	350
0.6	1.2	3.0643858836827234e-15	360
0.6	1.2	3.0625501405213132e-15	370
0.6	1.2	3.0608088698133314e-15	380
0.6	1.2	3.0591577854024135e-15	390
0.6	1.2	3.057592850532874e-15	400
0.6	1.2	3.056110275182382e-15	410
0.6	1.2	3.054706507159633e-15	420
0.6	1.2	3.053378219069172e-15	430
0.6	1.2	3.0521222927307015e-15	440
0.6	1.2	3.0509358022339407e-15	450
0.6	1.2	3.0498159964932867e-15	460
0.6	1.2	3.048760281921096e-15	470
0.6	1.2	3.047766205651047e-15	480
0.6	1.2	3.046831439600705e-15	490
0.6	1.2	3.045953765555758e-15	500
0.6	1.2	3.04513106137966e-15	510
0.6	1.2	3.044361288394754e-15	520
0.6	1.2	3.0436424799397155e-15	530
0.6	1.2	3.0429727310793646e-15	540
0.6	1.2	3.042350189423274e-15	550
0.6	1.2	3.0417730469969197e-15	560
0.6	1.2	3.0412395331015902e-15	570
0.6	1.2	3.040747908095218e-15	580
0.6	1.2	3.0402964580252054e-15	590
0.6	1.2	3.039883490044612e-15	600
0.6	1.2	3.0395073285450633e-15	610
0.6	1.2	3.03916631194222e-15	620
0.6	1.2	3.0388587900527327e-15	630
0.6	1.2	3.038583122005133e-15	640
0.6	1.2	3.0383376746304203e-15	650
0.6	1.2	3.038120821281804e-15	660
0.6	1.2	3.0379309410364034e-15	670
0.6	1.2	3.0377664182351248e-15	680
0.6	1.2	3.0376256423201796e-15	690
0.6	1.2	3.0375070079327226e-15	700
0.6	1.2	3.0374089152360646e-15	710
0.6	1.2	3.0373297704327135e-15	720
0.6	1.2	3.0372679864459948e-15	730
0.6	1.2	3.037221983739616e-15	740
0.6	1.2	3.0371901912507065e-15	750
0.6	1.2	3.03717104741416e-15	760
0.6	1.2	3.0371630012581165e-15	770
0.6	1.2	3.0371645135522614e-15	780
0.6	1.2	3.0371740579925668e-15	790
0.6	1.2	3.0371901224076156e-15	800
0.6	1.2	3.037211209973347e-15	810
0.6	1.2	3.0372358404244876e-15	820
0.6	1.2	3.037262551252212e-15	830
0.6	1.2	3.0372898988790256e-15	840
0.6	1.2	3.0373164598028436e-15	850
0.6	1.2	3.037340831703447e-15	860
0.6	1.2	3.0373616345054878e-15	870
0.6	1.2	3.0373775113931e-15	880
0.6	1.2	3.0373871297720267e-15	890
0.6	1.2	3.0373891821760065e-15	900
0.6	1.2	3.0373823871148095e-15	910
0.6	1.2	3.037365489861954e-15	920
0.6	1.2	3.0373372631807927e-15	930
0.6	1.2	3.0372965079880695e-15	940
0.6	1.2	3.037242053954633e-15	950
0.6	1.2	3.0371727600433344e-15	960
0.6	1.2	3.0370875149845098e-15	970
0.6	1.2	3.0369852376898726e-15	980
0.6	1.2	3.036864877605775e-15	990
0.6	1.2	3.0367254150072035e-15	1000
0.6	1.2	3.0365658612339807e-15	1010
0.6	1.2	3.036385258870847e-15	1020
0.6	1.2	3.0361826818733335e-15	1030
0.6	1.2	3.035957235641318e-15	1040
0.6	1.2	3.0357080570424048e-15	1050
0.6	1.2	3.035434314387218e-15	1060
0.6	1.2	3.0351352073588885e-15	1070
0.6	1.2	3.0348099668989062e-15	1080
0.6	1.2	3.034457855051689e-15	1090
0.6	1.2	3.034078164770089e-15	1100
0.6	1.2	3.033670219684141e-15	1110
0.6	1.2	3.033233373835346e-15	1120
0.6	1.2	3.0327670113786574e-15	1130
0.6	1.2	3.032270546254443e-15	1140
0.6	1.2	3.0317434218325294e-15	1150
0.6	1.2	3.0311851105304888e-15	1160
0.6	1.2	3.030595113408178e-15	1170
0.6	1.2	3.0299729597405563e-15	1180
0.6	1.2	3.0293182065707223e-15	1190
0.6	1.2	3.0286304382449963e-15	1200
0.6	1.2	3.0279092659319146e-15	1210
0.6	1.2	3.0271543271267993e-15	1220
0.6	1.2	3.0263652851436022e-15	1230
0.6	1.2	3.025541828595615e-15	1240
0.6	1.2	3.0246836708665107e-15	1250
0.6	1.2	3.0237905495732358e-15	1260
0.6	1.2	3.022862226022051e-15	1270
0.6	1.2	3.021898484659057e-15	1280
0.6	1.2	3.020899132516445e-15	1290
0.6	1.2	3.0198639986556006e-15	1300
0.6	1.2	3.0187929336081845e-15	1310
0.6	1.2	3.017685808816204e-15	1320
0.6	1.2	3.016542516072061e-15	1330
0.6	1.2	3.015362966959443e-15	1340
0.6	1.2	3.0141470922959367e-15	1350
0.6	1.2	3.0128948415781465e-15	1360
0.6	1.2	3.01160618243002e-15	1370
0.6	1.2	3.010281100055104e-15	1380
0.6	1.2	3.0089195966932955e-15	1390
0.6	1.2	3.0075216910827338e-15	1400
0.6	1.2	3.006087417927304e-15	1410
0.6	1.2	3.0046168273702762e-15	1420
0.6	1.2	3.003109984474481e-15	1430
0.6	1.2	3.0015669687094722e-15	1440
0.6	1.2	2.999987873445979e-15	1450
0.6	1.2	2.998372805458029e-15	1460
0.6	1.2	2.9967218844329877e-15	1470
0.6	1.2	2.9950352424897763e-15	1480
0.6	1.2	2.9933130237055293e-15	1490
0.6	1.2	2.9915553836508334e-15	1500
0.6	1.2	2.989762488933738e-15	1510
0.6	1.2	2.9879345167526915e-15	1520
0.6	1.2	2.986071654458505e-15	1530
0.6	1.2	2.98417409912542e-15	1540
0.6	1.2	2.982242057131377e-15	1550
0.6	1.2	2.980275743747536e-15	1560
0.6	1.2	2.9782753827370574e-15	1570
0.6	1.2	2.976241205963167e-15	1580
0.6	1.2	2.9741734530065317e-15	1590
0.6	1.4	4.549501576273768e-15	200
0.6	1.4	4.535745031665814e-15	210
0.6	1.4	4.522960894391224e-15	220
0.6	1.4	4.5110753900585445e-15	230
0.6	1.4	4.500024326098536e-15	240
0.6	1.4	4.489750889902173e-15	250
0.6	1.4	4.480204109134877e-15	260
0.6	1.4	4.4713377583845385e-15	270
0.6	1.4	4.46310956714383e-15	280
0.6	1.4	4.455480632416279e-15	290
0.6	1.4	4.448414971710177e-15	300
0.6	1.4	4.441879173798498e-15	310
0.6	1.4	4.435842118894817e-15	320
0.6	1.4	4.430274749262503e-15	330
0.6	1.4	4.425149877400267e-15	340
0.6	1.4	4.420442022948852e-15	350
0.6	1.4	4.4161272720849696e-15	360
0.6	1.4	4.41218315489776e-15	370
0.6	1.4	4.408588537399544e-15	380
0.6	1.4	4.405323525611754e-15	390
0.6	1.4	4.402369379720441e-15	400
0.6	1.4	4.3997084366968e-15	410
0.6	1.4	4.397324040079801e-15	420
0.6	1.4	4.3952004758521355e-15	430
0.6	1.4	4.393322913528425e-15	440
0.6	1.4	4.391677351728175e-15	450
0.6	1.4	4.390250567633738e-15	460
0.6	1.4	4.389030069840111e-15	470
0.6	1.4	4.388004054193413e-15	480
0.6	1.4	4.387161362289697e-15	490
0.6	1.4	4.386491442368096e-15	500
0.6	1.4	4.3859843123838725e-15	510
0.6	1.4	4.38563052508884e-15	520
0.6	1.4	4.385421134980172e-15	530
0.6	1.4	4.385347667005493e-15	540
0.6	1.4	4.385402086932849e-15	550
0.6	1.4	4.385576773309771e-15	560
0.6	1.4	4.3858644909475385e-15	570
0.6	1.4	4.386258365874813e-15	580
0.6	1.4	4.3867518617107216e-15	590
0.6	1.4	4.3873387574108436e-15	600
0.6	1.4	4.388013126341702e-15	610
0.6	1.4	4.388769316640109e-15	620
0.6	1.4	4.3896019328139006e-15	630
0.6	1.4	4.390505818539855e-15	640
0.6	1.4	4.391476040614121e-15	650
0.6	1.4	4.392507874009225e-15	660
0.6	1.4	4.393596787991127e-15	670
0.6	1.4	4.394738433248745e-15	680
0.6	1.4	4.395928629987914e-15	690
0.6	1.4	4.3971633569412905e-15	700
0.6	1.4	4.398438741245579e-15	710
0.6	1.4	4.399751049137569e-15	720
0.6	1.4	4.401096677420891e-15	730
0.6	1.4	4.402472145656029e-15	740
0.6	1.4	4.403874089026927e-15	750
0.6	1.4	4.405299251838778e-15	760
0.6	1.4	4.406744481602625e-15	770
0.6	1.4	4.408206723664072e-15	780
0.6	1.4	4.409683016334799e-15	790
0.6	1.4	4.411170486487378e-15	800
0.6	1.4	4.4126663455755464e-15	810
0.6	1.4	4.414167886044079e-15	820
0.6	1.4	4.415672478094038e-15	830
0.6	1.4	4.4171775667713455e-15	840
0.6	1.4	4.418680669348306e-15	850
0.6	1.4	4.420179372969672e-15	860
0.6	1.4	4.421671332536718e-15	870
0.6	1.4	4.423154268804529e-15	880
0.6	1.4	4.424625966669614e-15	890
0.6	1.4	4.426084273626471e-15	900
0.6	1.4	4.427527098373556e-15	910
0.6	1.4	4.428952409550633e-15	920
0.6	1.4	4.4303582345909015e-15	930
0.6	1.4	4.431742658672879e-15	940
0.6	1.4	4.433103823758282e-15	950
0.6	1.4	4.434439927703401e-15	960
0.6	1.4	4.435749223432798e-15	970
0.6	1.4	4.437030018165124e-15	980
0.6	1.4	4.4382806726820276e-15	990
0.6	1.4	4.4394996006320375e-15	1000
0.6	1.4	4.440685267862268e-15	1010
0.6	1.4	4.441836191771535e-15	1020
0.6	1.4	4.442950940679418e-15	1030
0.6	1.4	4.4440281332063055e-15	1040
0.6	1.4	4.4450664376602994e-15	1050
0.6	1.4	4.446064571427359e-15	1060
0.6	1.4	4.447021300361588e-15	1070
0.6	1.4	4.4479354381731586e-15	1080
0.6	1.4	4.44880584581171e-15	1090
0.6	1.4	4.449631430843504e-15	1100
0.6	1.4	4.450411146821047e-15	1110
0.6	1.4	4.451143992644052e-15	1120
0.6	1.4	4.4518290119110705e-15	1130
0.6	1.4	4.452465292261297e-15	1140
0.6	1.4	4.453051964706258e-15	1150
0.6	1.4	4.453588202951328e-15	1160
0.6	1.4	4.454073222707206e-15	1170
0.6	1.4	4.454506280991589e-15	1180
0.6	1.4	4.454886675421431e-15	1190
0.6	1.4	4.45521374349626e-15	1200
0.6	1.4	4.455486861873168e-15	1210
0.6	1.4	4.455705445634101e-15	1220
0.6	1.4	4.455868947546196e-15	1230
0.6	1.4	4.455976857315881e-15	1240
0.6	1.4	4.456028700837584e-15	1250
0.6	1.4	4.456024039437864e-15	1260
0.6	1.4	4.455962469115775e-15	1270
0.6	1.4	4.4558436197803444e-15	1280
0.6	1.4	4.455667154486016e-15	1290
0.6	1.4	4.455432768666863e-15	1300
0.6	1.4	4.455140189370487e-15	1310
0.6	1.4	4.4547891744922845e-15	1320
0.6	1.4	4.4543795120110704e-15	1330
0.6	1.4	4.453911019226633e-15	1340
0.6	1.4	4.4533835420001276e-15	1350
0.6	1.4	4.452796953997982e-15	1360
0.6	1.4	4.452151155939956e-15	1370
0.6	1.4	4.451446074852097e-15	1380
0.6	1.4	4.450681663325217e-15	1390
0.6	1.4	4.449857898779391e-15	1400
0.6	1.4	4.448974782735216e-15	1410
0.6	1.4	4.448032340092163e-15	1420
0.6	1.4	4.447030618414707e-15	1430
0.6	1.4	4.445969687226554e-15	1440
0.6	1.4	4.444849637313497e-15	1450
0.6	1.4	4.443670580035228e-15	1460
0.6	1.4	4.442432646646534e-15	1470
0.6	1.4	4.4411359876281794e-15	1480
0.6	1.4	4.439780772027756e-15	1490
0.6	1.4	4.438367186810846e-15	1500
0.6	1.4	4.436895436222698e-15	1510
0.6	1.4	4.4353657411606125e-15	1520
0.6	1.4	4.4337783385573055e-15	1530
0.6	1.4	4.4321334807753365e-15	1540
0.6	1.4	4.430431435012804e-15	1550
0.6	1.4	4.428672482720379e-15	1560
0.6	1.4	4.426856919029846e-15	1570
0.6	1.4	4.42498505219412e-15	1580
0.6	1.4	4.423057203038896e-15	1590
0.6	1.6	3.62379981120035e-15	200
0.6	1.6	3.615400099107964e-15	210
0.6	1.6	3.6072178392926e-15	220
0.6	1.6	3.599286147263414e-15	230
0.6	1.6	3.5916312170619445e-15	240
0.6	1.6	3.584272806432312e-15	250
0.6	1.6	3.577224919166262e-15	260
0.6	1.6	3.570496559307482e-15	270
0.6	1.6	3.564092482073795e-15	280
0.6	1.6	3.55801389927918e-15	290
0.6	1.6	3.552259118081212e-15	300
0.6	1.6	3.5468241049311513e-15	310
0.6	1.6	3.541702974384903e-15	320
0.6	1.6	3.5368884068055978e-15	330
0.6	1.6	3.5323720012032845e-15	340
0.6	1.6	3.528144570342273e-15	350
0.6	1.6	3.5241963853407345e-15	360
0.6	1.6	3.5205173766372046e-15	370
0.6	1.6	3.517097297621226e-15	380
0.6	1.6	3.5139258565556048e-15	390
0.6	1.6	3.510992821733564e-15	400
0.6	1.6	3.5082881041614034e-15	410
0.6	1.6	3.505801821457908e-15	420
0.6	1.6	3.5035243461259047e-15	430
0.6	1.6	3.501446340880268e-15	440
0.6	1.6	3.4995587833077804e-15	450
0.6	1.6	3.4978529817819237e-15	460
0.6	1.6	3.4963205842547413e-15	470
0.6	1.6	3.494953581291042e-15	480
0.6	1.6	3.4937443044923833e-15	490
0.6	1.6	3.492685421273363e-15	500
0.6	1.6	3.4917699267963597e-15	510
0.6	1.6	3.490991133738255e-15	520
0.6	1.6	3.4903426604507328e-15	530
0.6	1.6	3.489818417980662e-15	540
0.6	1.6	3.4894125963368447e-15	550
0.6	1.6	3.48911965032128e-15	560
0.6	1.6	3.488934285185451e-15	570
0.6	1.6	3.4888514423231587e-15	580
0.6	1.6	3.4888662851701286e-15	590
0.6	1.6	3.4889741854453925e-15	600
0.6	1.6	3.4891707098398054e-15	610
0.6	1.6	3.489451607232012e-15	620
0.6	1.6	3.4898127964908032e-15	630
0.6	1.6	3.4902503549052994e-15	640
0.6	1.6	3.4907605072691657e-15	650
0.6	1.6	3.4913396156329293e-15	660
0.6	1.6	3.4919841697279105e-15	670
0.6	1.6	3.4926907780570094e-15	680
0.6	1.6	3.49345615964064e-15	690
0.6	1.6	3.4942771364005217e-15	700
0.6	1.6	3.4951506261598073e-15	710
0.6	1.6	3.4960736362345695e-15	720
0.6	1.6	3.4970432575892375e-15	730
0.6	1.6	3.4980566595267388e-15	740
0.6	1.6	3.4991110848830533e-15	750
0.6	1.6	3.5002038456951273e-15	760
0.6	1.6	3.501332319311081e-15	770
0.6	1.6	3.5024939449116144e-15	780
0.6	1.6	3.5036862204122345e-15	790
0.6	1.6	3.5049066997163984e-15	800
0.6	1.6	3.5061529902908205e-15	810
0.6	1.6	3.5074227510350975e-15	820
0.6	1.6	3.5087136904190704e-15	830
0.6	1.6	3.510023564862637e-15	840
0.6	1.6	3.5113501773339847e-15	850
0.6	1.6	3.5126913761436677e-15	860
0.6	1.6	3.5140450539132594e-15	870
0.6	1.6	3.5154091466987822e-15	880
0.6	1.6	3.5167816332503815e-15	890
0.6	1.6	3.518160534391118e-15	900
0.6	1.6	3.5195439124990763e-15	910
0.6	1.6	3.5209298710781684e-15	920
0.6	1.6	3.522316554404311e-15	930
0.6	1.6	3.5237021472347617e-15	940
0.6	1.6	3.525084874569538e-15	950
0.6	1.6	3.5264630014548658e-15	960
0.6	1.6	3.5278348328196594e-15	970
0.6	1.6	3.5291987133367795e-15	980
0.6	1.6	3.530553027302037e-15	990
0.6	1.6	3.53189619852429e-15	1000
0.6	1.6	3.533226690221144e-15	1010
0.6	1.6	3.534543004915112e-15	1020
0.6	1.6	3.5358436843261045e-15	1030
0.6	1.6	3.53712730925634e-15	1040
0.6	1.6	3.538392499464628e-15	1050
0.6	1.6	3.539637913527292e-15	1060
0.6	1.6	3.5408622486835518e-15	1070
0.6	1.6	3.5420642406635135e-15	1080
0.6	1.6	3.5432426634974265e-15	1090
0.6	1.6	3.544396329305008e-15	1100
0.6	1.6	3.545524088064223e-15	1110
0.6	1.6	3.5466248273588254e-15	1120
0.6	1.6	3.547697472104542e-15	1130
0.6	1.6	3.5487409842537703e-15	1140
0.6	1.6	3.549754362479002e-15	1150
0.6	1.6	3.5507366418352017e-15	1160
0.6	1.6	3.5516868934016255e-15	1170
0.6	1.6	3.5526042239036847e-15	1180
0.6	1.6	3.553487775315466e-15	1190
0.6	1.6	3.554336724443748e-15	1200
0.6	1.6	3.555150282494268e-15	1210
0.6	1.6	3.555927694621234e-15	1220
0.6	1.6	3.556668239460969e-15	1230
0.6	1.6	3.557371228650644e-15	1240
0.6	1.6	3.558036006333185e-15	1250
0.6	1.6	3.558661948649329e-15	1260
0.6	1.6	3.559248463217856e-15	1270
0.6	1.6	3.559794988605036e-15	1280
0.6	1.6	3.5603009937843485e-15	1290
0.6	1.6	3.5607659775874626e-15	1300
0.6	1.6	3.56118946814749e-15	1310
0.6	1.6	3.561571022335507e-15	1320
0.6	1.6	3.561910225191259e-15	1330
0.6	1.6	3.562206689349099e-15	1340
0.6	1.6	3.562460054459935e-15	1350
0.6	1.6	3.562669986610119e-15	1360
0.6	1.6	3.562836177738196e-15	1370
0.6	1.6	3.562958345050178e-15	1380
0.6	1.6	3.563036230434276e-15	1390
0.6	1.6	3.563069599875735e-15	1400
0.6	1.6	3.5630582428725134e-15	1410
0.6	1.6	3.563001971852493e-15	1420
0.6	1.6	3.5629006215928595e-15	1430
0.6	1.6	3.562754048642234e-15	1440
0.6	1.6	3.562562130746132e-15	1450
0.6	1.6	3.562324766276347e-15	1460
0.6	1.6	3.5620418736646465e-15	1470
0.6	1.6	3.561713390841347e-15	1480
0.6	1.6	3.5613392746791945e-15	1490
0.6	1.6	3.5609195004428756e-15	1500
0.6	1.6	3.5604540612446606e-15	1510
0.6	1.6	3.5599429675064054e-15	1520
0.6	1.6	3.55938624642832e-15	1530
0.6	1.6	3.55878394146474e-15	1540
0.6	1.6	3.558136111807179e-15	1550
0.6	1.6	3.557442831874927e-15	1560
0.6	1.6	3.556704190813356e-15	1570
0.6	1.6	3.5559202920001785e-15	1580
0.6	1.6	3.5550912525597966e-15	1590
0.6	1.8	3.905466956445979e-15	200
0.6	1.8	3.895357044555289e-15	210
0.6	1.8	3.885956647534203e-15	220
0.6	1.8	3.877215267458883e-15	230
0.6	1.8	3.8690891561627755e-15	240
0.6	1.8	3.861539454428157e-15	250
0.6	1.8	3.8545309759132214e-15	260
0.6	1.8	3.848031414851581e-15	270
0.6	1.8	3.84201082888666e-15	280
0.6	1.8	3.836441298131495e-15	290
0.6	1.8	3.831296695350613e-15	300
0.6	1.8	3.826552524926399e-15	310
0.6	1.8	3.822185803470106e-15	320
0.6	1.8	3.818174964991697e-15	330
0.6	1.8	3.814499780126539e-15	340
0.6	1.8	3.811141283174266e-15	350
0.6	1.8	3.808081703414692e-15	360
0.6	1.8	3.805304398853076e-15	370
0.6	1.8	3.802793791566424e-15	380
0.6	1.8	3.800535304410835e-15	390
0.6	1.8	3.7985152991650405e-15	400
0.6	1.8	3.796721016331316e-15	410
0.6	1.8	3.795140516859671e-15	420
0.6	1.8	3.793762626049534e-15	430
0.6	1.8	3.792576879841514e-15	440
0.6	1.8	3.7915734736589455e-15	450
0.6	1.8	3.790743213903637e-15	460
0.6	1.8	3.790077472159185e-15	470
0.6	1.8	3.789568142110548e-15	480
0.6	1.8	3.7892075991517556e-15	490
0.6	1.8	3.788988662624295e-15	500
0.6	1.8	3.788904560606485e-15	510
0.6	1.8	3.788948897157926e-15	520
0.6	1.8	3.7891156219123956e-15	530
0.6	1.8	3.789399001905547e-15	540
0.6	1.8	3.789793595520597e-15	550
0.6	1.8	3.790294228434339e-15	560
0.6	1.8	3.7908959714469634e-15	570
0.6	1.8	3.791594120081725e-15	580
0.6	1.8	3.792384175844061e-15	590
0.6	1.8	3.793261829033997e-15	600
0.6	1.8	3.7942229430101045e-15	610
0.6	1.8	3.795263539808293e-15	620
0.6	1.8	3.796379787023319e-15	630
0.6	1.8	3.797567985865787e-15	640
0.6	1.8	3.7988245603120975e-15	650
0.6	1.8	3.800146047269275e-15	660
0.6	1.8	3.801529087680912e-15	670
0.6	1.8	3.802970418504716e-15	680
0.6	1.8	3.804466865495942e-15	690
0.6	1.8	3.806015336734899e-15	700
0.6	1.8	3.807612816840189e-15	710
0.6	1.8	3.809256361812759e-15	720
0.6	1.8	3.810943094459142e-15	730
0.6	1.8	3.8126702003452565e-15	740
0.6	1.8	3.814434924235147e-15	750
0.6	1.8	3.816234566971827e-15	760
0.6	1.8	3.818066482760077e-15	770
0.6	1.8	3.819928076813554e-15	780
0.6	1.8	3.8218168033311435e-15	790
0.6	1.8	3.8237301637696936e-15	800
0.6	1.8	3.825665705382578e-15	810
0.6	1.8	3.827621019995648e-15	820
0.6	1.8	3.829593742994148e-15	830
0.6	1.8	3.831581552496182e-15	840
0.6	1.8	3.833582168690069e-15	850
0.6	1.8	3.835593353314746e-15	860
0.6	1.8	3.837612909264028e-15	870
0.6	1.8	3.839638680297124e-15	880
0.6	1.8	3.84166855083925e-15	890
0.6	1.8	3.8437004458576966e-15	900
0.6	1.8	3.845732330799917e-15	910
0.6	1.8	3.847762211581555e-15	920
0.6	1.8	3.849788134613444e-15	930
0.6	1.8	3.851808186857731e-15	940
0.6	1.8	3.8538204959043035e-15	950
0.6	1.8	3.85582323005969e-15	960
0.6	1.8	3.857814598441394e-15	970
0.6	1.8	3.8597928510716035e-15	980
0.6	1.8	3.861756278964862e-15	990
0.6	1.8	3.863703214205006e-15	1000
0.6	1.8	3.8656320300074296e-15	1010
0.6	1.8	3.867541140763176e-15	1020
0.6	1.8	3.869429002062058e-15	1030
0.6	1.8	3.8712941106923926e-15	1040
0.6	1.8	3.873135004615489e-15	1050
0.6	1.8	3.874950262913308e-15	1060
0.6	1.8	3.876738505708264e-15	1070
0.6	1.8	3.878498394054361e-15	1080
0.6	1.8	3.8802286297990895e-15	1090
0.6	1.8	3.881927955415996e-15	1100
0.6	1.8	3.883595153807887e-15	1110
0.6	1.8	3.885229048080876e-15	1120
0.6	1.8	3.886828501289756e-15	1130
0.6	1.8	3.888392416155245e-15	1140
0.6	1.8	3.889919734753822e-15	1150
0.6	1.8	3.8914094381810366e-15	1160
0.6	1.8	3.8928605461891706e-15	1170
0.6	1.8	3.894272116800382e-15	1180
0.6	1.8	3.895643245896293e-15	1190
0.6	1.8	3.896973066785315e-15	1200
0.6	1.8	3.898260749748806e-15	1210
0.6	1.8	3.899505501567341e-15	1220
0.6	1.8	3.900706565028347e-15	1230
0.6	1.8	3.901863218416276e-15	1240
0.6	1.8	3.90297477498676e-15	1250
0.6	1.8	3.904040582425783e-15	1260
0.6	1.8	3.905060022295324e-15	1270
0.6	1.8	3.906032509466571e-15	1280
0.6	1.8	3.9069574915419915e-15	1290
0.6	1.8	3.907834448267403e-15	1300
0.6	1.8	3.908662890935279e-15	1310
0.6	1.8	3.909442361780305e-15	1320
0.6	1.8	3.910172433368423e-15	1330
0.6	1.8	3.9108527079802916e-15	1340
0.6	1.8	3.911482816990289e-15	1350
0.6	1.8	3.912062420241982e-15	1360
0.6	1.8	3.912591205421029e-15	1370
0.6	1.8	3.913068887426434e-15	1380
0.6	1.8	3.913495207740968e-15	1390
0.6	1.8	3.913869933801647e-15	1400
0.6	1.8	3.914192858371e-15	1410
0.6	1.8	3.9144637989098725e-15	1420
0.6	1.8	3.914682596952487e-15	1430
0.6	1.8	3.914849117484418e-15	1440
0.6	1.8	3.914963248324061e-15	1450
0.6	1.8	3.91502489950826e-15	1460
0.6	1.8	3.915034002682525e-15	1470
0.6	1.8	3.914990510496517e-15	1480
0.6	1.8	3.9148943960050435e-15	1490
0.6	1.8	3.9147456520752406e-15	1500
0.6	1.8	3.914544290800196e-15	1510
0.6	1.8	3.914290342919417e-15	1520
0.6	1.8	3.913983857246524e-15	1530
0.6	1.8	3.913624900104452e-15	1540
0.6	1.8	3.913213554768456e-15	1550
0.6	1.8	3.912749920917143e-15	1560
0.6	1.8	3.9122341140918445e-15	1570
0.6	1.8	3.911666265164422e-15	1580
0.6	1.8	3.911046519813789e-15	1590
0.6	2.0	5.2399072755472266e-15	200
0.6	2.0	5.2331597499633946e-15	210
0.6	2.0	5.226463477911467e-15	220
0.6	2.0	5.2198526016351644e-15	230
0.6	2.0	5.213360286647514e-15	240
0.6	2.0	5.20701691451505e-15	250
0.6	2.0	5.200849125703473e-15	260
0.6	2.0	5.194879426427645e-15	270
0.6	2.0	5.189126157843085e-15	280
0.6	2.0	5.183603687725984e-15	290
0.6	2.0	5.178322729222312e-15	300
0.6	2.0	5.17329072274908e-15	310
0.6	2.0	5.1685122392090806e-15	320
0.6	2.0	5.1639893779901455e-15	330
0.6	2.0	5.159722143715759e-15	340
0.6	2.0	5.155708792815761e-15	350
0.6	2.0	5.1519461457110724e-15	360
0.6	2.0	5.148429863479821e-15	370
0.6	2.0	5.145154689806814e-15	380
0.6	2.0	5.1421146601750745e-15	390
0.6	2.0	5.139303280890515e-15	400
0.6	2.0	5.136713680815527e-15	410
0.6	2.0	5.134338738746549e-15	420
0.6	2.0	5.132171189288839e-15	430
0.6	2.0	5.130203709916971e-15	440
0.6	2.0	5.128428991698968e-15	450
0.6	2.0	5.126839795933349e-15	460
0.6	2.0	5.125428998715723e-15	470
0.6	2.0	5.124189625227395e-15	480
0.6	2.0	5.123114875326991e-15	490
0.6	2.0	5.122198141831605e-15	500
0.6	2.0	5.121433022697035e-15	510
0.6	2.0	5.1208133281479446e-15	520
0.6	2.0	5.120333083666915e-15	530
0.6	2.0	5.119986529625722e-15	540
0.6	2.0	5.11976811823161e-15	550
0.6	2.0	5.119672508363618e-15	560
0.6	2.0	5.119694558788974e-15	570
0.6	2.0	5.119829320174866e-15	580
0.6	2.0	5.120072026245869e-15	590
0.6	2.0	5.120418084380743e-15	600
0.6	2.0	5.120863065893098e-15	610
0.6	2.0	5.121402696197857e-15	620
0.6	2.0	5.122032845028443e-15	630
0.6	2.0	5.1227495168379236e-15	640
0.6	2.0	5.123548841489882e-15	650
0.6	2.0	5.124427065321238e-15	660
0.6	2.0	5.1253805426391535e-15	670
0.6	2.0	5.126405727697152e-15	680
0.6	2.0	5.1274991671808335e-15	690
0.6	2.0	5.128657493221684e-15	700
0.6	2.0	5.12987741694692e-15	710
0.6	2.0	5.131155722565137e-15	720
0.6	2.0	5.132489261980392e-15	730
0.6	2.0	5.13387494992183e-15	740
0.6	2.0	5.135309759571489e-15	750
0.6	2.0	5.136790718669312e-15	760
0.6	2.0	5.138314906071982e-15	770
0.6	2.0	5.139879448740074e-15	780
0.6	2.0	5.141481519126862e-15	790
0.6	2.0	5.143118332941406e-15	800
0.6	2.0	5.1447871472581035e-15	810
0.6	2.0	5.146485258945114e-15	820
0.6	2.0	5.148210003384327e-15	830
0.6	2.0	5.149958753456219e-15	840
0.6	2.0	5.1517289187638195e-15	850
0.6	2.0	5.153517945070881e-15	860
0.6	2.0	5.155323313930524e-15	870
0.6	2.0	5.157142542481893e-15	880
0.6	2.0	5.158973183393397e-15	890
0.6	2.0	5.1608128249327344e-15	900
0.6	2.0	5.162659091144792e-15	910
0.6	2.0	5.164509642120263e-15	920
0.6	2.0	5.166362174338834e-15	930
0.6	2.0	5.1682144210720356e-15	940
0.6	2.0	5.170064152832427e-15	950
0.6	2.0	5.17190917785657e-15	960
0.6	2.0	5.1737473426106506e-15	970
0.6	2.0	5.175576532308705e-15	980
0.6	2.0	5.177394671434246e-15	990
0.6	2.0	5.179199724257413e-15	1000
0.6	2.0	5.180989695340341e-15	1010
0.6	2.0	5.182762630024567e-15	1020
0.6	2.0	5.184516614895026e-15	1030
0.6	2.0	5.1862497782159274e-15	1040
0.6	2.0	5.187960290334544e-15	1050
0.6	2.0	5.1896463640495655e-15	1060
0.6	2.0	5.1913062549412995e-15	1070
0.6	2.0	5.192938261661501e-15	1080
0.6	2.0	5.194540726181165e-15	1090
0.6	2.0	5.196112033995053e-15	1100
0.6	2.0	5.1976506142820745e-15	1110
0.6	2.0	5.199154940021131e-15	1120
0.6	2.0	5.200623528062249e-15	1130
0.6	2.0	5.2020549391532e-15	1140
0.6	2.0	5.203447777922006e-15	1150
0.6	2.0	5.204800692816039e-15	1160
0.6	2.0	5.206112375998493e-15	1170
0.6	2.0	5.2073815632033964e-15	1180
0.6	2.0	5.20860703355017e-15	1190
0.6	2.0	5.209787609319215e-15	1200
0.6	2.0	5.210922155689853e-15	1210
0.6	2.0	5.21200958044214e-15	1220
0.6	2.0	5.21304883362413e-15	1230
0.6	2.0	5.21403890718621e-15	1240
0.6	2.0	5.2149788345842005e-15	1250
0.6	2.0	5.215867690352861e-15	1260
0.6	2.0	5.216704589651587e-15	1270
0.6	2.0	5.217488687783905e-15	1280
0.6	2.0	5.218219179692587e-15	1290
0.6	2.0	5.2188952994319686e-15	1300
0.6	2.0	5.219516319619267e-15	1310
0.6	2.0	5.2200815508664524e-15	1320
0.6	2.0	5.220590341194277e-15	1330
0.6	2.0	5.221042075430191e-15	1340
0.6	2.0	5.2214361745914945e-15	1350
0.6	2.0	5.2217720952553614e-15	1360
0.6	2.0	5.222049328917128e-15	1370
0.6	2.0	5.22226740133828e-15	1380
0.6	2.0	5.222425871885456e-15	1390
0.6	2.0	5.2225243328618094e-15	1400
0.6	2.0	5.222562408831961e-15	1410
0.6	2.0	5.22253975594175e-15	1420
0.6	2.0	5.222456061233902e-15	1430
0.6	2.0	5.222311041960748e-15	1440
0.6	2.0	5.222104444895016e-15	1450
0.6	2.0	5.2218360456396546e-15	1460
0.6	2.0	5.221505647937679e-15	1470
0.6	2.0	5.221113082982895e-15	1480
0.6	2.0	5.220658208732297e-15	1490
0.6	2.0	5.2201409092210435e-15	1500
0.6	2.0	5.2195610938805825e-15	1510
0.6	2.0	5.218918696860774e-15	1520
0.6	2.0	5.218213676356582e-15	1530
0.6	2.0	5.2174460139399164e-15	1540
0.6	2.0	5.21661571389726e-15	1550
0.6	2.0	5.215722802573541e-15	1560
0.6	2.0	5.214767327722749e-15	1570
0.6	2.0	5.213749357865759e-15	1580
0.6	2.0	5.2126689816557336e-15	1590
0.6	2.2	7.260196079464073e-15	200
0.6	2.2	7.269900946791932e-15	210
0.6	2.2	7.278818464900591e-15	220
0.6	2.2	7.287080744315697e-15	230
0.6	2.2	7.294802196742381e-15	240
0.6	2.2	7.302080790030441e-15	250
0.6	2.2	7.308999636073848e-15	260
0.6	2.2	7.315628691799132e-15	270
0.6	2.2	7.322026437286476e-15	280
0.6	2.2	7.32824145264761e-15	290
0.6	2.2	7.334313853475005e-15	300
0.6	2.2	7.340276569133571e-15	310
0.6	2.2	7.34615646318545e-15	320
0.6	2.2	7.351975303930669e-15	330
0.6	2.2	7.35775059760652e-15	340
0.6	2.2	7.363496298720414e-15	350
0.6	2.2	7.369223412314077e-15	360
0.6	2.2	7.374940502342035e-15	370
0.6	2.2	7.38065411923338e-15	380
0.6	2.2	7.386369158368097e-15	390
0.6	2.2	7.392089159807414e-15	400
0.6	2.2	7.397816558273572e-15	410
0.6	2.2	7.40355289112771e-15	420
0.6	2.2	7.409298970974396e-15	430
0.6	2.2	7.415055028532585e-15	440
0.6	2.2	7.420820830551943e-15	450
0.6	2.2	7.426595776814135e-15	460
0.6	2.2	7.432378979625014e-15	470
0.6	2.2	7.43816932866758e-15	480
0.6	2.2	7.44396554363059e-15	490
0.6	2.2	7.449766216645226e-15	500
0.6	2.2	7.45556984623948e-15	510
0.6	2.2	7.461374864249307e-15	520
0.6	2.2	7.467179656897835e-15	530
0.6	2.2	7.47298258106259e-15	540
0.6	2.2	7.478781976589843e-15	550
0.6	2.2	7.484576175379851e-15	560
0.6	2.2	7.490363507852314e-15	570
0.6	2.2	7.496142307305175e-15	580
0.6	2.2	7.501910912598132e-15	590
0.6	2.2	7.507667669523021e-15	600
0.6	2.2	7.513410931164667e-15	610
0.6	2.2	7.51913905750541e-15	620
0.6	2.2	7.524850414484374e-15	630
0.6	2.2	7.530543372685764e-15	640
0.6	2.2	7.536216305799773e-15	650
0.6	2.2	7.541867588972818e-15	660
0.6	2.2	7.547495597141463e-15	670
0.6	2.2	7.553098703424907e-15	680
0.6	2.2	7.558675277634435e-15	690
0.6	2.2	7.564223684944176e-15	700
0.6	2.2	7.569742284755757e-15	710
0.6	2.2	7.575229429779338e-15	720
0.6	2.2	7.580683465344933e-15	730
0.6	2.2	7.586102728951235e-15	740
0.6	2.2	7.591485550052984e-15	750
0.6	2.2	7.596830250083416e-15	760
0.6	2.2	7.60213514270429e-15	770
0.6	2.2	7.607398534273159e-15	780
0.6	2.2	7.612618724514918e-15	790
0.6	2.2	7.617794007383113e-15	800
0.6	2.2	7.622922672095162e-15	810
0.6	2.2	7.628003004324672e-15	820
0.6	2.2	7.633033287533806e-15	830
0.6	2.2	7.63801180442826e-15	840
0.6	2.2	7.642936838517826e-15	850
0.6	2.2	7.647806675765271e-15	860
0.6	2.2	7.652619606307638e-15	870
0.6	2.2	7.657373926233558e-15	880
0.6	2.2	7.662067939402139e-15	890
0.6	2.2	7.66669995928881e-15	900
0.6	2.2	7.671268310844833e-15	910
0.6	2.2	7.675771332358244e-15	920
0.6	2.2	7.680207377304539e-15	930
0.6	2.2	7.684574816176647e-15	940
0.6	2.2	7.68887203828468e-15	950
0.6	2.2	7.69309745351672e-15	960
0.6	2.2	7.697249494052935e-15	970
0.6	2.2	7.701326616026224e-15	980
0.6	2.2	7.705327301123371e-15	990
0.6	2.2	7.7092500581215e-15	1000
0.6	2.2	7.713093424355438e-15	1010
0.6	2.2	7.71685596711236e-15	1020
0.6	2.2	7.720536284950647e-15	1030
0.6	2.2	7.724133008940616e-15	1040
0.6	2.2	7.72764480382538e-15	1050
0.6	2.2	7.73107036910064e-15	1060
0.6	2.2	7.734408440012636e-15	1070
0.6	2.2	7.737657788474104e-15	1080
0.6	2.2	7.74081722389829e-15	1090
0.6	2.2	7.743885593951691e-15	1100
0.6	2.2	7.746861785226382e-15	1110
0.6	2.2	7.749744723833053e-15	1120
0.6	2.2	7.752533375916305e-15	1130
0.6	2.2	7.755226748093938e-15	1140
0.6	2.2	7.757823887822015e-15	1150
0.6	2.2	7.760323883687912e-15	1160
0.6	2.2	7.762725865633562e-15	1170
0.6	2.2	7.765029005111188e-15	1180
0.6	2.2	7.767232515174102e-15	1190
0.6	2.2	7.769335650505085e-15	1200
0.6	2.2	7.771337707384836e-15	1210
0.6	2.2	7.77323802360338e-15	1220
0.6	2.2	7.775035978316877e-15	1230
0.6	2.2	7.776730991852721e-15	1240
0.6	2.2	7.778322525465489e-15	1250
0.6	2.2	7.779810081046489e-15	1260
0.6	2.2	7.781193200789594e-15	1270
0.6	2.2	7.782471466815893e-15	1280
0.6	2.2	7.783644500759815e-15	1290
0.6	2.2	7.784711963319356e-15	1300
0.6	2.2	7.785673553772664e-15	1310
0.6	2.2	7.786529009463673e-15	1320
0.6	2.2	7.78727810525892e-15	1330
0.6	2.2	7.78792065297807e-15	1340
0.6	2.2	7.788456500800138e-15	1350
0.6	2.2	7.788885532647798e-15	1360
0.6	2.2	7.789207667551614e-15	1370
0.6	2.2	7.789422858996446e-15	1380
0.6	2.2	7.789531094251766e-15	1390
0.6	2.2	7.789532393687789e-15	1400
0.6	2.2	7.789426810079242e-15	1410
0.6	2.2	7.789214427898386e-15	1420
0.6	2.2	7.78889536259892e-15	1430
0.6	2.2	7.788469759892385e-15	1440
0.6	2.2	7.787937795018422e-15	1450
0.6	2.2	7.78729967201024e-15	1460
0.6	2.2	7.786555622956882e-15	1470
0.6	2.2	7.785705907263113e-15	1480
0.6	2.2	7.784750810908494e-15	1490
0.6	2.2	7.783690645706482e-15	1500
0.6	2.2	7.78252574856474e-15	1510
0.6	2.2	7.781256480747585e-15	1520
0.6	2.2	7.779883227141479e-15	1530
0.6	2.2	7.778406395524449e-15	1540
0.6	2.2	7.776826415840213e-15	1550
0.6	2.2	7.775143739477758e-15	1560
0.6	2.2	7.773358838557029e-15	1570
0.6	2.2	7.771472205221481e-15	1580
0.6	2.2	7.769484350937895e-15	1590
0.6	2.4	1.0360687590088118e-14	200
0.6	2.4	1.0359913097344903e-14	210
0.6	2.4	1.0357728952120939e-14	220
0.6	2.4	1.0354446941641824e-14	230
0.6	2.4	1.0350327452094889e-14	240
0.6	2.4	1.0345586861256339e-14	250
0.6	2.4	1.0340404113568701e-14	260
0.6	2.4	1.033492648327915e-14	270
0.6	2.4	1.032927456745992e-14	280
0.6	2.4	1.0323546572499669e-14	290
0.6	2.4	1.0317821968015631e-14	300
0.6	2.4	1.03121645845282e-14	310
0.6	2.4	1.0306625228576074e-14	320
0.6	2.4	1.03012438834027e-14	330
0.6	2.4	1.0296051556416538e-14	340
0.6	2.4	1.0291071827290049e-14	350
0.6	2.4	1.0286322143407009e-14	360
0.6	2.4	1.0281814902725448e-14	370
0.6	2.4	1.0277558358149096e-14	380
0.6	2.4	1.0273557372245904e-14	390
0.6	2.4	1.0269814046602017e-14	400
0.6	2.4	1.02663282462048e-14	410
0.6	2.4	1.0263098035943262e-14	420
0.6	2.4	1.0260120043525624e-14	430
0.6	2.4	1.0257389760773847e-14	440
0.6	2.4	1.0254901793295479e-14	450
0.6	2.4	1.0252650066898986e-14	460
0.6	2.4	1.0250627997754553e-14	470
0.6	2.4	1.0248828632167624e-14	480
0.6	2.4	1.0247244760885376e-14	490
0.6	2.4	1.0245869012068953e-14	500
0.6	2.4	1.0244693926405998e-14	510
0.6	2.4	1.02437120172892e-14	520
0.6	2.4	1.0242915818527371e-14	530
0.6	2.4	1.0242297921670546e-14	540
0.6	2.4	1.0241851004707604e-14	550
0.6	2.4	1.024156785362302e-14	560
0.6	2.4	1.0241441378070001e-14	570
0.6	2.4	1.0241464622223427e-14	580
0.6	2.4	1.0241630771711816e-14	590
0.6	2.4	1.0241933157388083e-14	600
0.6	2.4	1.0242365256580063e-14	610
0.6	2.4	1.0242920692360763e-14	620
0.6	2.4	1.0243593231291967e-14	630
0.6	2.4	1.0244376780020845e-14	640
0.6	2.4	1.0245265381046098e-14	650
0.6	2.4	1.024625320791625e-14	660
0.6	2.4	1.024733456007622e-14	670
0.6	2.4	1.0248503857538765e-14	680
0.6	2.4	1.0249755635523603e-14	690
0.6	2.4	1.0251084539177959e-14	700
0.6	2.4	1.0252485318467959e-14	710
0.6	2.4	1.0253952823308952e-14	720
0.6	2.4	1.025548199898558e-14	730
0.6	2.4	1.0257067881897412e-14	740
0.6	2.4	1.0258705595653176e-14	750
0.6	2.4	1.0260390347526704e-14	760
0.6	2.4	1.0262117425278788e-14	770
0.6	2.4	1.0263882194342347e-14	780
0.6	2.4	1.0265680095362534e-14	790
0.6	2.4	1.0267506642079159e-14	800
0.6	2.4	1.0269357419534972e-14	810
0.6	2.4	1.027122808259114e-14	820
0.6	2.4	1.0273114354729238e-14	830
0.6	2.4	1.0275012027117657e-14	840
0.6	2.4	1.0276916957919903e-14	850
0.6	2.4	1.0278825071821759e-14	860
0.6	2.4	1.0280732359754379e-14	870
0.6	2.4	1.028263487879093e-14	880
0.6	2.4	1.028452875219477e-14	890
0.6	2.4	1.0286410169597989e-14	900
0.6	2.4	1.0288275387290391e-14	910
0.6	2.4	1.029012072859947e-14	920
0.6	2.4	1.0291942584343792e-14	930
0.6	2.4	1.0293737413342494e-14	940
0.6	2.4	1.0295501742965935e-14	950
0.6	2.4	1.0297232169712584e-14	960
0.6	2.4	1.0298925359799347e-14	970
0.6	2.4	1.030057804975325e-14	980
0.6	2.4	1.030218704699379e-14	990
0.6	2.4	1.030374923039625e-14	1000
0.6	2.4	1.0305261550827422e-14	1010
0.6	2.4	1.0306721031646286e-14	1020
0.6	2.4	1.0308124769163027e-14	1030
0.6	2.4	1.0309469933050798e-14	1040
0.6	2.4	1.031075376670553e-14	1050
0.6	2.4	1.0311973587549775e-14	1060
0.6	2.4	1.0313126787277438e-14	1070
0.6	2.4	1.0314210832036952e-14	1080
0.6	2.4	1.0315223262550891e-14	1090
0.6	2.4	1.0316161694170992e-14	1100
0.6	2.4	1.0317023816867604e-14	1110
0.6	2.4	1.0317807395153574e-14	1120
0.6	2.4	1.0318510267942381e-14	1130
0.6	2.4	1.0319130348341556e-14	1140
0.6	2.4	1.031966562338193e-14	1150
0.6	2.4	1.0320114153684082e-14	1160
0.6	2.4	1.0320474073063458e-14	1170
0.6	2.4	1.032074358807594e-14	1180
0.6	2.4	1.032092097750561e-14	1190
0.6	2.4	1.0321004591797055e-14	1200
0.6	2.4	1.032099285243417e-14	1210
0.6	2.4	1.0320884251267973e-14	1220
0.6	2.4	1.0320677349795816e-14	1230
0.6	2.4	1.0320370778394553e-14	1240
0.6	2.4	1.0319963235509988e-14	1250
0.6	2.4	1.0319453486805506e-14	1260
0.6	2.4	1.0318840364272276e-14	1270
0.6	2.4	1.031812276530358e-14	1280
0.6	2.4	1.0317299651736083e-14	1290
0.6	2.4	1.0316370048860322e-14	1300
0.6	2.4	1.031533304440314e-14	1310
0.6	2.4	1.0314187787484488e-14	1320
0.6	2.4	1.031293348755095e-14	1330
0.6	2.4	1.031156941328852e-14	1340
0.6	2.4	1.0310094891516791e-14	1350
0.6	2.4	1.0308509306066897e-14	1360
0.6	2.4	1.0306812096645322e-14	1370
0.6	2.4	1.0305002757685745e-14	1380
0.6	2.4	1.0303080837190873e-14	1390
0.6	2.4	1.0301045935566211e-14	1400
0.6	2.4	1.0298897704447685e-14	1410
0.6	2.4	1.0296635845524916e-14	1420
0.6	2.4	1.029426010936166e-14	1430
0.6	2.4	1.0291770294215336e-14	1440
0.6	2.4	1.0289166244856914e-14	1450
0.6	2.4	1.028644785139273e-14	1460
0.6	2.4	1.0283615048089715e-14	1470
0.6	2.4	1.0280667812205079e-14	1480
0.6	2.4	1.0277606162821939e-14	1490
0.6	2.4	1.0274430159691914e-14	1500
0.6	2.4	1.027113990208577e-14	1510
0.6	2.4	1.0267735527653143e-14	1520
0.6	2.4	1.026421721129231e-14	1530
0.6	2.4	1.0260585164030815e-14	1540
0.6	2.4	1.0256839631917815e-14	1550
0.6	2.4	1.0252980894928909e-14	1560
0.6	2.4	1.0249009265883978e-14	1570
0.6	2.4	1.0244925089378964e-14	1580
0.6	2.4	1.0240728740731836e-14	1590
0.6	2.6	5.494473794131131e-15	200
0.6	2.6	5.5197983715156974e-15	210
0.6	2.6	5.544064897070706e-15	220
0.6	2.6	5.5673897939586626e-15	230
0.6	2.6	5.5898784260138e-15	240
0.6	2.6	5.611624714449801e-15	250
0.6	2.6	5.632711453538723e-15	260
0.6	2.6	5.653211021394286e-15	270
0.6	2.6	5.673186289102068e-15	280
0.6	2.6	5.692691603795378e-15	290
0.6	2.6	5.711773769488287e-15	300
0.6	2.6	5.730472981186376e-15	310
0.6	2.6	5.7488236883562895e-15	320
0.6	2.6	5.7668553769324616e-15	330
0.6	2.6	5.784593267185726e-15	340
0.6	2.6	5.802058929667028e-15	350
0.6	2.6	5.819270824205535e-15	360
0.6	2.6	5.836244768344164e-15	370
0.6	2.6	5.8529943421385085e-15	380
0.6	2.6	5.86953123625995e-15	390
0.6	2.6	5.8858655500475584e-15	400
0.6	2.6	5.902006045688138e-15	410
0.6	2.6	5.917960364158243e-15	420
0.6	2.6	5.9337352079937336e-15	430
0.6	2.6	5.949336495395088e-15	440
0.6	2.6	5.9647694896506295e-15	450
0.6	2.6	5.980038907373938e-15	460
0.6	2.6	5.995149008611921e-15	470
0.6	2.6	6.010103671485725e-15	480
0.6	2.6	6.024906453676293e-15	490
0.6	2.6	6.039560642757578e-15	500
0.6	2.6	6.05406929710913e-15	510
0.6	2.6	6.06843527890215e-15	520
0.6	2.6	6.082661280446205e-15	530
0.6	2.6	6.096749845003097e-15	540
0.6	2.6	6.110703383017729e-15	550
0.6	2.6	6.12452418457913e-15	560
0.6	2.6	6.1382144288068416e-15	570
0.6	2.6	6.151776190754779e-15	580
0.6	2.6	6.16521144633608e-15	590
0.6	2.6	6.178522075694799e-15	600
0.6	2.6	6.191709865384078e-15	610
0.6	2.6	6.2047765096520465e-15	620
0.6	2.6	6.217723611086972e-15	630
0.6	2.6	6.230552680830124e-15	640
0.6	2.6	6.243265138527192e-15	650
0.6	2.6	6.255862312157573e-15	660
0.6	2.6	6.268345437852668e-15	670
0.6	2.6	6.280715659791526e-15	680
0.6	2.6	6.292974030241394e-15	690
0.6	2.6	6.305121509793965e-15	700
0.6	2.6	6.317158967833685e-15	710
0.6	2.6	6.32908718326205e-15	720
0.6	2.6	6.340906845491987e-15	730
0.6	2.6	6.352618555717683e-15	740
0.6	2.6	6.364222828458659e-15	750
0.6	2.6	6.375720093370863e-15	760
0.6	2.6	6.3871106973136064e-15	770
0.6	2.6	6.398394906657297e-15	780
0.6	2.6	6.4095729098145104e-15	790
0.6	2.6	6.42064481997502e-15	800
0.6	2.6	6.431610678023972e-15	810
0.6	2.6	6.442470455621862e-15	820
0.6	2.6	6.453224058424506e-15	830
0.6	2.6	6.463871329421108e-15	840
0.6	2.6	6.474412052369129e-15	850
0.6	2.6	6.484845955305051e-15	860
0.6	2.6	6.4951727141108825e-15	870
0.6	2.6	6.505391956117305e-15	880
0.6	2.6	6.515503263725186e-15	890
0.6	2.6	6.525506178028591e-15	900
0.6	2.6	6.53540020242326e-15	910
0.6	2.6	6.545184806185916e-15	920
0.6	2.6	6.554859428011086e-15	930
0.6	2.6	6.5644234794929924e-15	940
0.6	2.6	6.573876348541594e-15	950
0.6	2.6	6.583217402722885e-15	960
0.6	2.6	6.592445992514717e-15	970
0.6	2.6	6.60156145447042e-15	980
0.6	2.6	6.610563114283715e-15	990
0.6	2.6	6.619450289749297e-15	1000
0.6	2.6	6.628222293614195e-15	1010
0.6	2.6	6.636878436316461e-15	1020
0.6	2.6	6.645418028607878e-15	1030
0.6	2.6	6.653840384058597e-15	1040
0.6	2.6	6.6621448214421684e-15	1050
0.6	2.6	6.670330667000103e-15	1060
0.6	2.6	6.678397256585625e-15	1070
0.6	2.6	6.686343937686892e-15	1080
0.6	2.6	6.694170071330501e-15	1090
0.6	2.6	6.7018750338662926e-15	1100
0.6	2.6	6.709458218635275e-15	1110
0.6	2.6	6.716919037522276e-15	1120
0.6	2.6	6.724256922395898e-15	1130
0.6	2.6	6.731471326437996e-15	1140
0.6	2.6	6.738561725365539e-15	1150
0.6	2.6	6.7455276185477696e-15	1160
0.6	2.6	6.752368530021743e-15	1170
0.6	2.6	6.759084009409502e-15	1180
0.6	2.6	6.765673632740138e-15	1190
0.6	2.6	6.772137003180258e-15	1200
0.6	2.6	6.778473751676308e-15	1210
0.6	2.6	6.784683537512263e-15	1220
0.6	2.6	6.7907660487862535e-15	1230
0.6	2.6	6.796721002809675e-15	1240
0.6	2.6	6.802548146432261e-15	1250
0.6	2.6	6.808247256296827e-15	1260
0.6	2.6	6.8138181390268504e-15	1270
0.6	2.6	6.819260631350743e-15	1280
0.6	2.6	6.8245746001657534e-15	1290
0.6	2.6	6.82975994254517e-15	1300
0.6	2.6	6.834816585691899e-15	1310
0.6	2.6	6.839744486841612e-15	1320
0.6	2.6	6.844543633118595e-15	1330
0.6	2.6	6.849214041347252e-15	1340
0.6	2.6	6.853755757822195e-15	1350
0.6	2.6	6.858168858039773e-15	1360
0.6	2.6	6.862453446393729e-15	1370
0.6	2.6	6.8666096558376005e-15	1380
0.6	2.6	6.870637647516471e-15	1390
0.6	2.6	6.874537610370434e-15	1400
0.6	2.6	6.878309760712159e-15	1410
0.6	2.6	6.881954341780761e-15	1420
0.6	2.6	6.885471623274215e-15	1430
0.6	2.6	6.888861900862224e-15	1440
0.6	2.6	6.892125495681627e-15	1450
0.6	2.6	6.895262753816203e-15	1460
0.6	2.6	6.898274045762559e-15	1470
0.6	2.6	6.901159765883889e-15	1480
0.6	2.6	6.90392033185319e-15	1490
0.6	2.6	6.906556184087451e-15	1500
0.6	2.6	6.909067785174182e-15	1510
0.6	2.6	6.911455619291827e-15	1520
0.6	2.6	6.913720191625148e-15	1530
0.6	2.6	6.9158620277769e-15	1540
0.6	2.6	6.917881673176945e-15	1550
0.6	2.6	6.919779692489803e-15	1560
0.6	2.6	6.921556669021719e-15	1570
0.6	2.6	6.9232132041281235e-15	1580
0.6	2.6	6.924749916622474e-15	1590
0.6	2.8	5.900828844747156e-15	200
0.6	2.8	5.9406575865796555e-15	210
0.6	2.8	5.979237176581833e-15	220
0.6	2.8	6.016650629475952e-15	230
0.6	2.8	6.052978784117619e-15	240
0.6	2.8	6.088298312780344e-15	250
0.6	2.8	6.122680706968057e-15	260
0.6	2.8	6.15619188200526e-15	270
0.6	2.8	6.188892162883314e-15	280
0.6	2.8	6.220836495334725e-15	290
0.6	2.8	6.252074780850522e-15	300
0.6	2.8	6.282652270868055e-15	310
0.6	2.8	6.312609979549686e-15	320
0.6	2.8	6.3419850904930835e-15	330
0.6	2.8	6.3708113431045964e-15	340
0.6	2.8	6.39911939107251e-15	350
0.6	2.8	6.426937129640293e-15	360
0.6	2.8	6.454289991027482e-15	370
0.6	2.8	6.481201208934677e-15	380
0.6	2.8	6.507692053966595e-15	390
0.6	2.8	6.5337820422617146e-15	400
0.6	2.8	6.559489119789629e-15	410
0.6	2.8	6.584829824777891e-15	420
0.6	2.8	6.6098194306283986e-15	430
0.6	2.8	6.63447207152573e-15	440
0.6	2.8	6.658800852756629e-15	450
0.6	2.8	6.682817947567663e-15	460
0.6	2.8	6.706534682200923e-15	470
0.6	2.8	6.7299616105692396e-15	480
0.6	2.8	6.753108579868171e-15	490
0.6	2.8	6.775984788272144e-15	500
0.6	2.8	6.798598835727266e-15	510
0.6	2.8	6.820958768732727e-15	520
0.6	2.8	6.8430721198956114e-15	530
0.6	2.8	6.864945942948595e-15	540
0.6	2.8	6.886586843836003e-15	550
0.6	2.8	6.908001008399363e-15	560
0.6	2.8	6.9291942271276195e-15	570
0.6	2.8	6.950171917379283e-15	580
0.6	2.8	6.970939143432173e-15	590
0.6	2.8	6.991500634671088e-15	600
0.6	2.8	7.0118608021833194e-15	610
0.6	2.8	7.03202375399654e-15	620
0.6	2.8	7.051993309161578e-15	630
0.6	2.8	7.07177301085515e-15	640
0.6	2.8	7.0913661386525315e-15	650
0.6	2.8	7.110775720098355e-15	660
0.6	2.8	7.130004541684596e-15	670
0.6	2.8	7.149055159327589e-15	680
0.6	2.8	7.167929908421126e-15	690
0.6	2.8	7.186630913529497e-15	700
0.6	2.8	7.205160097773117e-15	710
0.6	2.8	7.223519191948933e-15	720
0.6	2.8	7.241709743420134e-15	730
0.6	2.8	7.25973312480109e-15	740
0.6	2.8	7.277590542458262e-15	750
0.6	2.8	7.295283044841569e-15	760
0.6	2.8	7.312811530656936e-15	770
0.6	2.8	7.330176756886229e-15	780
0.6	2.8	7.347379346658393e-15	790
0.6	2.8	7.3644197969727e-15	800
0.6	2.8	7.381298486273106e-15	810
0.6	2.8	7.398015681871378e-15	820
0.6	2.8	7.414571547215214e-15	830
0.6	2.8	7.430966148997152e-15	840
0.6	2.8	7.44719946409914e-15	850
0.6	2.8	7.463271386367834e-15	860
0.6	2.8	7.479181733215144e-15	870
0.6	2.8	7.494930252039264e-15	880
0.6	2.8	7.510516626460896e-15	890
0.6	2.8	7.525940482370572e-15	900
0.6	2.8	7.541201393782792e-15	910
0.6	2.8	7.556298888493541e-15	920
0.6	2.8	7.57123245353812e-15	930
0.6	2.8	7.586001540447118e-15	940
0.6	2.8	7.600605570298453e-15	950
0.6	2.8	7.615043938564569e-15	960
0.6	2.8	7.62931601975412e-15	970
0.6	2.8	7.6434211718482e-15	980
0.6	2.8	7.657358740531768e-15	990
0.6	2.8	7.671128063221363e-15	1000
0.6	2.8	7.684728472890906e-15	1010
0.6	2.8	7.698159301697673e-15	1020
0.6	2.8	7.711419884411122e-15	1030
0.6	2.8	7.724509561647727e-15	1040
0.6	2.8	7.737427682914984e-15	1050
0.6	2.8	7.750173609468788e-15	1060
0.6	2.8	7.762746716987956e-15	1070
0.6	2.8	7.775146398070436e-15	1080
0.6	2.8	7.787372064555781e-15	1090
0.6	2.8	7.799423149678776e-15	1100
0.6	2.8	7.811299110059144e-15	1110
0.6	2.8	7.822999427532569e-15	1120
0.6	2.8	7.83452361082825e-15	1130
0.6	2.8	7.845871197098344e-15	1140
0.6	2.8	7.857041753304785e-15	1150
0.6	2.8	7.868034877468819e-15	1160
0.6	2.8	7.878850199788837e-15	1170
0.6	2.8	7.889487383631923e-15	1180
0.6	2.8	7.89994612640449e-15	1190
0.6	2.8	7.910226160307634e-15	1200
0.6	2.8	7.920327252982179e-15	1210
0.6	2.8	7.930249208049144e-15	1220
0.6	2.8	7.939991865550351e-15	1230
0.6	2.8	7.949555102294664e-15	1240
0.6	2.8	7.95893883211463e-15	1250
0.6	2.8	7.968143006038457e-15	1260
0.6	2.8	7.97716761238213e-15	1270
0.6	2.8	7.986012676766249e-15	1280
0.6	2.8	7.994678262062143e-15	1290
0.6	2.8	8.003164468271616e-15	1300
0.6	2.8	8.011471432344522e-15	1310
0.6	2.8	8.019599327938346e-15	1320
0.6	2.8	8.027548365123716e-15	1330
0.6	2.8	8.035318790039583e-15	1340
0.6	2.8	8.042910884501865e-15	1350
0.6	2.8	8.050324965569028e-15	1360
0.6	2.8	8.05756138506794e-15	1370
0.6	2.8	8.064620529083314e-15	1380
0.6	2.8	8.071502817413902e-15	1390
0.6	2.8	8.078208702998174e-15	1400
0.6	2.8	8.08473867131269e-15	1410
0.6	2.8	8.091093239745445e-15	1420
0.6	2.8	8.097272956947214e-15	1430
0.6	2.8	8.103278402162881e-15	1440
0.6	2.8	8.109110184545498e-15	1450
0.6	2.8	8.114768942454988e-15	1460
0.6	2.8	8.120255342743738e-15	1470
0.6	2.8	8.12557008003101e-15	1480
0.6	2.8	8.130713875968e-15	1490
0.6	2.8	8.135687478495378e-15	1500
0.6	2.8	8.140491661094961e-15	1510
0.6	2.8	8.145127222037035e-15	1520
0.6	2.8	8.149594983624763e-15	1530
0.6	2.8	8.153895791437182e-15	1540
0.6	2.8	8.158030513572025e-15	1550
0.6	2.8	8.162000039889419e-15	1560
0.6	2.8	8.165805281257822e-15	1570
0.6	2.8	8.169447168803098e-15	1580
0.6	2.8	8.172926653161742e-15	1590
0.6	3.0	1.0884593461289289e-14	200
0.6	3.0	1.0889536288462977e-14	210
0.6	3.0	1.0892281571237268e-14	220
0.6	3.0	1.0893200414484596e-14	230
0.6	3.0	1.0892612572980613e-14	240
0.6	3.0	1.0890792485636496e-14	250
0.6	3.0	1.0887974907759622e-14	260
0.6	3.0	1.0884360059564965e-14	270
0.6	3.0	1.088011825569466e-14	280
0.6	3.0	1.087539401513155e-14	290
0.6	3.0	1.0870309673917682e-14	300
0.6	3.0	1.0864968536747784e-14	310
0.6	3.0	1.0859457610320664e-14	320
0.6	3.0	1.0853849963471766e-14	330
0.6	3.0	1.084820675826287e-14	340
0.6	3.0	1.0842578993584143e-14	350
0.6	3.0	1.0837008999271798e-14	360
0.6	3.0	1.083153171481354e-14	370
0.6	3.0	1.0826175782756036e-14	380
0.6	3.0	1.0820964483150469e-14	390
0.6	3.0	1.0815916531889607e-14	400
0.6	3.0	1.0811046762651632e-14	410
0.6	3.0	1.0806366709387367e-14	420
0.6	3.0	1.0801885103854226e-14	430
0.6	3.0	1.0797608300591098e-14	440
0.6	3.0	1.0793540639910113e-14	450
0.6	3.0	1.0789684757923816e-14	460
0.6	3.0	1.0786041851295021e-14	470
0.6	3.0	1.0782611903263488e-14	480
0.6	3.0	1.0779393876539327e-14	490
0.6	3.0	1.0776385877834263e-14	500
0.6	3.0	1.0773585298107003e-14	510
0.6	3.0	1.0770988932007818e-14	520
0.6	3.0	1.076859307950606e-14	530
0.6	3.0	1.0766393632258181e-14	540
0.6	3.0	1.0764386146909524e-14	550
0.6	3.0	1.0762565907214354e-14	560
0.6	3.0	1.0760927976593591e-14	570
0.6	3.0	1.0759467242523117e-14	580
0.6	3.0	1.0758178453952224e-14	590
0.6	3.0	1.0757056252784305e-14	600
0.6	3.0	1.0756095200308963e-14	610
0.6	3.0	1.0755289799351145e-14	620
0.6	3.0	1.0754634512796075e-14	630
0.6	3.0	1.075412377905642e-14	640
0.6	3.0	1.0753752024968785e-14	650
0.6	3.0	1.0753513676536522e-14	660
0.6	3.0	1.0753403167876992e-14	670
0.6	3.0	1.0753414948678344e-14	680
0.6	3.0	1.0753543490426227e-14	690
0.6	3.0	1.0753783291621545e-14	700
0.6	3.0	1.075412888217646e-14	710
0.6	3.0	1.0754574827146147e-14	720
0.6	3.0	1.0755115729928556e-14	730
0.6	3.0	1.0755746235042516e-14	740
0.6	3.0	1.0756461030574999e-14	750
0.6	3.0	1.0757254850372937e-14	760
0.6	3.0	1.0758122476039838e-14	770
0.6	3.0	1.0759058738786675e-14	780
0.6	3.0	1.0760058521175386e-14	790
0.6	3.0	1.0761116758785101e-14	800
0.6	3.0	1.076222844182423e-14	810
0.6	3.0	1.0763388616704654e-14	820
0.6	3.0	1.0764592387590014e-14	830
0.6	3.0	1.0765834917925602e-14	840
0.6	3.0	1.0767111431953643e-14	850
0.6	3.0	1.0768417216215967e-14	860
0.6	3.0	1.076974762104248e-14	870
0.6	3.0	1.0771098062023858e-14	880
0.6	3.0	1.0772464021464141e-14	890
0.6	3.0	1.0773841049809062e-14	900
0.6	3.0	1.077522476704473e-14	910
0.6	3.0	1.0776610864061222e-14	920
0.6	3.0	1.0777995103975512e-14	930
0.6	3.0	1.0779373323407983e-14	940
0.6	3.0	1.0780741433707099e-14	950
0.6	3.0	1.0782095422117043e-14	960
0.6	3.0	1.0783431352883318e-14	970
0.6	3.0	1.0784745368292099e-14	980
0.6	3.0	1.0786033689639014e-14	990
0.6	3.0	1.078729261812408e-14	1000
0.6	3.0	1.0788518535669482e-14	1010
0.6	3.0	1.078970790565795e-14	1020
0.6	3.0	1.0790857273589384e-14	1030
0.6	3.0	1.0791963267654313e-14	1040
0.6	3.0	1.0793022599223143e-14	1050
0.6	3.0	1.0794032063250464e-14	1060
0.6	3.0	1.0794988538594088e-14	1070
0.6	3.0	1.079588898824928e-14	1080
0.6	3.0	1.0796730459498608e-14	1090
0.6	3.0	1.0797510083978116e-14	1100
0.6	3.0	1.0798225077661515e-14	1110
0.6	3.0	1.0798872740763444e-14	1120
0.6	3.0	1.0799450457563797e-14	1130
0.6	3.0	1.079995569615518e-14	1140
0.6	3.0	1.0800386008115513e-14	1150
0.6	3.0	1.0800739028108397e-14	1160
0.6	3.0	1.0801012473413566e-14	1170
0.6	3.0	1.0801204143390284e-14	1180
0.6	3.0	1.0801311918876273e-14	1190
0.6	3.0	1.0801333761525288e-14	1200
0.6	3.0	1.080126771308601e-14	1210
0.6	3.0	1.0801111894625333e-14	1220
0.6	3.0	1.0800864505699163e-14	1230
0.6	3.0	1.0800523823473434e-14	1240
0.6	3.0	1.0800088201798843e-14	1250
0.6	3.0	1.0799556070241712e-14	1260
0.6	3.0	1.079892593307452e-14	1270
0.6	3.0	1.0798196368228674e-14	1280
0.6	3.0	1.0797366026212484e-14	1290
0.6	3.0	1.0796433628997423e-14	1300
0.6	3.0	1.0795397968875025e-14	1310
0.6	3.0	1.0794257907287697e-14	1320
0.6	3.0	1.0793012373635449e-14	1330
0.6	3.0	1.0791660364061706e-14	1340
0.6	3.0	1.079020094022033e-14	1350
0.6	3.0	1.0788633228026332e-14	1360
0.6	3.0	1.0786956416392707e-14	1370
0.6	3.0	1.078516975595551e-14	1380
0.6	3.0	1.0783272557789325e-14	1390
0.6	3.0	1.0781264192115233e-14	1400
0.6	3.0	1.0779144087003279e-14	1410
0.6	3.0	1.077691172707116e-14	1420
0.6	3.0	1.0774566652181062e-14	1430
0.6	3.0	1.0772108456136379e-14	1440
0.6	3.0	1.0769536785379685e-14	1450
0.6	3.0	1.0766851337693803e-14	1460
0.6	3.0	1.0764051860907181e-14	1470
0.6	3.0	1.0761138151604994e-14	1480
0.6	3.0	1.0758110053847294e-14	1490
0.6	3.0	1.075496745789536e-14	1500
0.6	3.0	1.0751710298947382e-14	1510
0.6	3.0	1.0748338555884447e-14	1520
0.6	3.0	1.074485225002804e-14	1530
0.6	3.0	1.0741251443909601e-14	1540
0.6	3.0	1.0737536240053267e-14	1550
0.6	3.0	1.0733706779772504e-14	1560
0.6	3.0	1.072976324198118e-14	1570
0.6	3.0	1.072570584201998e-14	1580
0.6	3.0	1.0721534830498493e-14	1590
